#       time                 x_1                 y_1                 z_1                 x_2                 y_2                 z_2
   0.0000000    6.4000000000e+01    7.4000000000e+01    0.0000000000e+00    6.4000000000e+01    5.4000000000e+01    0.0000000000e+00
   0.5000000    6.4000000000e+01    7.3997676789e+01    5.7385654996e-24    6.4000000000e+01    5.4002323211e+01   -6.2587845567e-24
   1.0000000    6.4000000000e+01    7.3984705529e+01    1.0701649175e-23    6.4000000000e+01    5.4015294471e+01   -9.5675070069e-24
   1.5000000    6.4000000000e+01    7.3962861196e+01    1.0701649175e-23    6.4000000000e+01    5.4037138804e+01   -9.5675070069e-24
   2.0000000    6.4000000000e+01    7.3936411890e+01    1.0701649175e-23    6.4000000000e+01    5.4063588110e+01   -9.5675070069e-24
   2.5000000    6.4000000000e+01    7.3907418111e+01   -9.5177469232e-23    6.4000000000e+01    5.4092581889e+01    1.6902272595e-23
   3.0000000    6.4000000000e+01    7.3876916101e+01    6.6949930829e-23    6.4000000000e+01    5.4123083899e+01    8.3076721599e-23
   3.5000000    6.4000000000e+01    7.3846316163e+01    1.2650693493e-22    6.4000000000e+01    5.4153683837e+01    2.3196923186e-22
   4.0000000    6.4000000000e+01    7.3816998094e+01    1.2650693493e-22    6.4000000000e+01    5.4183001906e+01    2.3196923186e-22
   4.5000000    6.4000000000e+01    7.3789907783e+01    1.2650693493e-22    6.4000000000e+01    5.4210092217e+01    2.3196923186e-22
   5.0000000    6.4000000000e+01    7.3765570418e+01    1.2650693493e-22    6.4000000000e+01    5.4234429582e+01    2.3196923186e-22
   5.5000000    6.4000000000e+01    7.3743891150e+01    1.2650693493e-22    6.4000000000e+01    5.4256108850e+01    2.3196923186e-22
   6.0000000    6.4000000000e+01    7.3724892355e+01    1.2733411554e-22    6.4000000000e+01    5.4275107645e+01    2.3569154462e-22
   6.5000000    6.4000000000e+01    7.3708422166e+01    1.2485257371e-22    6.4000000000e+01    5.4291577834e+01    2.3765609857e-22
   7.0000000    6.4000000000e+01    7.3693924636e+01    1.2459407977e-22    6.4000000000e+01    5.4306075364e+01    2.3719080948e-22
   7.5000000    6.4000000000e+01    7.3681001818e+01    1.2459407977e-22    6.4000000000e+01    5.4318998182e+01    2.3724250826e-22
   8.0000000    6.4000000000e+01    7.3669415465e+01    1.2459407977e-22    6.4000000000e+01    5.4330584535e+01    2.3724250826e-22
   8.5000000    6.4000000000e+01    7.3658939540e+01    1.2459407977e-22    6.4000000000e+01    5.4341060460e+01    2.3724250826e-22
   9.0000000    6.4000000000e+01    7.3649384986e+01    1.2459407977e-22    6.4000000000e+01    5.4350615014e+01    2.3724250826e-22
   9.5000000    6.4000000000e+01    7.3640618539e+01    1.2449068219e-22    6.4000000000e+01    5.4359381461e+01    2.3703571311e-22
  10.0000000    6.4000000000e+01    7.3632518683e+01    1.2438728461e-22    6.4000000000e+01    5.4367481317e+01    2.3755270099e-22
  10.5000000    6.4000000000e+01    7.3624965851e+01    1.2387029673e-22    6.4000000000e+01    5.4375034149e+01    2.3743637872e-22
  11.0000000    6.4000000000e+01    7.3617848756e+01    1.2333392180e-22    6.4000000000e+01    5.4382151244e+01    2.3742749299e-22
  11.5000000    6.4000000000e+01    7.3611119280e+01    1.2302372907e-22    6.4000000000e+01    5.4388880720e+01    2.3773768572e-22
  12.0000000    6.4000000000e+01    7.3605001417e+01    1.2308512138e-22    6.4000000000e+01    5.4394998583e+01    2.3768598693e-22
  12.5000000    6.4000000000e+01    7.3599268069e+01    1.2331130358e-22    6.4000000000e+01    5.4400731931e+01    2.3787985739e-22
  13.0000000    6.4000000000e+01    7.3593649481e+01    1.2341470116e-22    6.4000000000e+01    5.4406350519e+01    2.3787985739e-22
  13.5000000    6.4000000000e+01    7.3588229340e+01    1.2341470116e-22    6.4000000000e+01    5.4411770660e+01    2.3787985739e-22
  14.0000000    6.4000000000e+01    7.3583165874e+01    1.2341470116e-22    6.4000000000e+01    5.4416834126e+01    2.3785400799e-22
  14.5000000    6.4000000000e+01    7.3578404764e+01    1.2341470116e-22    6.4000000000e+01    5.4421595236e+01    2.3782815860e-22
  15.0000000    6.4000000000e+01    7.3573848947e+01    1.2341470116e-22    6.4000000000e+01    5.4426151053e+01    2.3782815860e-22
  15.5000000    6.4000000000e+01    7.3569499233e+01    1.2341470116e-22    6.4000000000e+01    5.4430500767e+01    2.3782815860e-22
  16.0000000    6.4000000000e+01    7.3565376318e+01    1.2341470116e-22    6.4000000000e+01    5.4434623682e+01    2.3782815860e-22
  16.5000000    6.4000000000e+01    7.3561586421e+01    1.2341470116e-22    6.4000000000e+01    5.4438413579e+01    2.3782815860e-22
  17.0000000    6.4000000000e+01    7.3558341001e+01    1.2341470116e-22    6.4000000000e+01    5.4441658999e+01    2.3782815860e-22
  17.5000000    6.4000000000e+01    7.3555718650e+01    1.2341470116e-22    6.4000000000e+01    5.4444281350e+01    2.3782815860e-22
  18.0000000    6.4000000000e+01    7.3553798793e+01    1.2341470116e-22    6.4000000000e+01    5.4446201207e+01    2.3782815860e-22
  18.5000000    6.4000000000e+01    7.3552377757e+01    1.2341470116e-22    6.4000000000e+01    5.4447622243e+01    2.3782815860e-22
  19.0000000    6.4000000000e+01    7.3550658637e+01    1.2341470116e-22    6.4000000000e+01    5.4449341363e+01    2.3782815860e-22
  19.5000000    6.4000000000e+01    7.3547686172e+01    1.2341470116e-22    6.4000000000e+01    5.4452313828e+01    2.3782815860e-22
  20.0000000    6.4000000000e+01    7.3543210484e+01    1.2341470116e-22    6.4000000000e+01    5.4456789516e+01    2.3782815860e-22
  20.5000000    6.4000000000e+01    7.3538002241e+01    1.2341470116e-22    6.4000000000e+01    5.4461997759e+01    2.3782815860e-22
  21.0000000    6.4000000000e+01    7.3533128555e+01    1.2341470116e-22    6.4000000000e+01    5.4466871445e+01    2.3782815860e-22
  21.5000000    6.4000000000e+01    7.3529099505e+01    1.2341470116e-22    6.4000000000e+01    5.4470900495e+01    2.3782815860e-22
  22.0000000    6.4000000000e+01    7.3525724741e+01    1.2341470116e-22    6.4000000000e+01    5.4474275259e+01    2.3782815860e-22
  22.5000000    6.4000000000e+01    7.3522637160e+01    1.2341470116e-22    6.4000000000e+01    5.4477362840e+01    2.3782815860e-22
  23.0000000    6.4000000000e+01    7.3519624254e+01    1.2341470116e-22    6.4000000000e+01    5.4480375746e+01    2.3782815860e-22
  23.5000000    6.4000000000e+01    7.3516632456e+01    1.2341470116e-22    6.4000000000e+01    5.4483367544e+01    2.3782815860e-22
  24.0000000    6.4000000000e+01    7.3513650989e+01    1.2341470116e-22    6.4000000000e+01    5.4486349011e+01    2.3782815860e-22
  24.5000000    6.4000000000e+01    7.3510652072e+01    1.2341470116e-22    6.4000000000e+01    5.4489347928e+01    2.3782815860e-22
  25.0000000    6.4000000000e+01    7.3507601531e+01    1.2341470116e-22    6.4000000000e+01    5.4492398469e+01    2.3782815860e-22
  25.5000000    6.4000000000e+01    7.3504422107e+01    1.2341470116e-22    6.4000000000e+01    5.4495577893e+01    2.3782815860e-22
  26.0000000    6.4000000000e+01    7.3500902652e+01    1.2341470116e-22    6.4000000000e+01    5.4499097348e+01    2.3782815860e-22
  26.5000000    6.4000000000e+01    7.3496849387e+01    1.2341470116e-22    6.4000000000e+01    5.4503150613e+01    2.3782815860e-22
  27.0000000    6.4000000000e+01    7.3492338418e+01    1.2341470116e-22    6.4000000000e+01    5.4507661582e+01    2.3782815860e-22
  27.5000000    6.4000000000e+01    7.3487720222e+01    1.2341470116e-22    6.4000000000e+01    5.4512279778e+01    2.3782815860e-22
  28.0000000    6.4000000000e+01    7.3483427043e+01    1.2341470116e-22    6.4000000000e+01    5.4516572957e+01    2.3782815860e-22
  28.5000000    6.4000000000e+01    7.3479729374e+01    1.2341470116e-22    6.4000000000e+01    5.4520270626e+01    2.3782815860e-22
  29.0000000    6.4000000000e+01    7.3476603024e+01    1.2341470116e-22    6.4000000000e+01    5.4523396976e+01    2.3782815860e-22
  29.5000000    6.4000000000e+01    7.3473843793e+01    1.2341470116e-22    6.4000000000e+01    5.4526156207e+01    2.3782815860e-22
  30.0000000    6.4000000000e+01    7.3471245603e+01    1.2341470116e-22    6.4000000000e+01    5.4528754397e+01    2.3782815860e-22
  30.5000000    6.4000000000e+01    7.3468706000e+01    1.2341470116e-22    6.4000000000e+01    5.4531294000e+01    2.3782815860e-22
  31.0000000    6.4000000000e+01    7.3466227035e+01    1.2341470116e-22    6.4000000000e+01    5.4533772966e+01    2.3782815860e-22
  31.5000000    6.4000000000e+01    7.3463832933e+01    1.2341470116e-22    6.4000000000e+01    5.4536167068e+01    2.3782815860e-22
  32.0000000    6.4000000000e+01    7.3461530116e+01    1.2341470116e-22    6.4000000000e+01    5.4538469885e+01    2.3782815860e-22
  32.5000000    6.4000000000e+01    7.3459304015e+01    1.2341470116e-22    6.4000000000e+01    5.4540695986e+01    2.3782815860e-22
  33.0000000    6.4000000000e+01    7.3457136617e+01    1.2341470116e-22    6.4000000000e+01    5.4542863384e+01    2.3782815860e-22
  33.5000000    6.4000000000e+01    7.3455020038e+01    1.2341470116e-22    6.4000000000e+01    5.4544979963e+01    2.3782815860e-22
  34.0000000    6.4000000000e+01    7.3452953504e+01    1.2341470116e-22    6.4000000000e+01    5.4547046496e+01    2.3782815860e-22
  34.5000000    6.4000000000e+01    7.3450938262e+01    1.2341470116e-22    6.4000000000e+01    5.4549061738e+01    2.3782815860e-22
  35.0000000    6.4000000000e+01    7.3448973745e+01    1.2341470116e-22    6.4000000000e+01    5.4551026255e+01    2.3782815860e-22
  35.5000000    6.4000000000e+01    7.3447054584e+01    1.2341470116e-22    6.4000000000e+01    5.4552945415e+01    2.3782815860e-22
  36.0000000    6.4000000000e+01    7.3445174925e+01    1.2341470116e-22    6.3999999999e+01    5.4554825074e+01    2.3782815860e-22
  36.5000000    6.4000000000e+01    7.3443331597e+01    1.2341470116e-22    6.3999999999e+01    5.4556668402e+01    2.3782815860e-22
  37.0000000    6.4000000000e+01    7.3441524829e+01    1.2341470116e-22    6.3999999999e+01    5.4558475170e+01    2.3782815860e-22
  37.5000000    6.4000000000e+01    7.3439756869e+01    1.2341470116e-22    6.3999999999e+01    5.4560243130e+01    2.3782815860e-22
  38.0000000    6.4000000000e+01    7.3438027365e+01    1.2341470116e-22    6.4000000000e+01    5.4561972634e+01    2.3782815860e-22
  38.5000000    6.4000000000e+01    7.3436333134e+01    1.2341470116e-22    6.4000000000e+01    5.4563666866e+01    2.3782815860e-22
  39.0000000    6.4000000000e+01    7.3434668730e+01    1.2341470116e-22    6.4000000000e+01    5.4565331269e+01    2.3782815860e-22
  39.5000000    6.4000000000e+01    7.3433031108e+01    1.2341470116e-22    6.4000000000e+01    5.4566968891e+01    2.3782815860e-22
  40.0000000    6.4000000000e+01    7.3431423065e+01    1.2341470116e-22    6.4000000000e+01    5.4568576933e+01    2.3782815860e-22
  40.5000000    6.4000000000e+01    7.3429846630e+01    1.2341470116e-22    6.4000000000e+01    5.4570153369e+01    2.3782815860e-22
  41.0000000    6.4000000000e+01    7.3428299692e+01    1.2341470116e-22    6.4000000000e+01    5.4571700307e+01    2.3782815860e-22
  41.5000000    6.4000000000e+01    7.3426779429e+01    1.2341470116e-22    6.4000000000e+01    5.4573220570e+01    2.3782815860e-22
  42.0000000    6.4000000000e+01    7.3425284917e+01    1.2341470116e-22    6.4000000000e+01    5.4574715082e+01    2.3782815860e-22
  42.5000000    6.4000000000e+01    7.3423815747e+01    1.2341470116e-22    6.4000000000e+01    5.4576184252e+01    2.3782815860e-22
  43.0000000    6.4000000000e+01    7.3422371019e+01    1.2341470116e-22    6.4000000000e+01    5.4577628980e+01    2.3782815860e-22
  43.5000000    6.4000000000e+01    7.3420949868e+01    1.2341470116e-22    6.4000000000e+01    5.4579050132e+01    2.3782815860e-22
  44.0000000    6.4000000000e+01    7.3419551600e+01    1.2341470116e-22    6.4000000000e+01    5.4580448400e+01    2.3782815860e-22
  44.5000000    6.4000000000e+01    7.3418175260e+01    1.2341470116e-22    6.4000000000e+01    5.4581824740e+01    2.3782815860e-22
  45.0000000    6.4000000000e+01    7.3416819950e+01    1.2341470116e-22    6.4000000000e+01    5.4583180050e+01    2.3782815860e-22
  45.5000000    6.4000000000e+01    7.3415485766e+01    1.2341470116e-22    6.4000000000e+01    5.4584514234e+01    2.3782815860e-22
  46.0000000    6.4000000000e+01    7.3414173048e+01    1.2341470116e-22    6.4000000000e+01    5.4585826954e+01    2.3782815860e-22
  46.5000000    6.4000000000e+01    7.3412880693e+01    1.2341470116e-22    6.4000000000e+01    5.4587119309e+01    2.3782815860e-22
  47.0000000    6.4000000000e+01    7.3411607011e+01    1.2341470116e-22    6.4000000000e+01    5.4588392991e+01    2.3782815860e-22
  47.5000000    6.4000000000e+01    7.3410351416e+01    1.2341470116e-22    6.4000000000e+01    5.4589648584e+01    2.3782815860e-22
  48.0000000    6.4000000000e+01    7.3409114294e+01    1.2341470116e-22    6.4000000000e+01    5.4590885704e+01    2.3782815860e-22
  48.5000000    6.4000000000e+01    7.3407895637e+01    1.2341470116e-22    6.4000000000e+01    5.4592104360e+01    2.3782815860e-22
  49.0000000    6.4000000000e+01    7.3406694673e+01    1.2341470116e-22    6.4000000000e+01    5.4593305325e+01    2.3782815860e-22
  49.5000000    6.4000000000e+01    7.3405510606e+01    1.2341470116e-22    6.4000000000e+01    5.4594489395e+01    2.3782815860e-22
  50.0000000    6.4000000000e+01    7.3404343340e+01    1.2341470116e-22    6.4000000000e+01    5.4595656663e+01    2.3782815860e-22
  50.5000000    6.4000000000e+01    7.3403192938e+01    1.2341470116e-22    6.4000000000e+01    5.4596807067e+01    2.3782815860e-22
  51.0000000    6.4000000000e+01    7.3402058592e+01    1.2341470116e-22    6.4000000000e+01    5.4597941414e+01    2.3782815860e-22
  51.5000000    6.4000000000e+01    7.3400938922e+01    1.2341470116e-22    6.4000000000e+01    5.4599061081e+01    2.3785400799e-22
  52.0000000    6.4000000000e+01    7.3399833262e+01    1.2341470116e-22    6.4000000000e+01    5.4600166738e+01    2.3785400799e-22
  52.5000000    6.4000000000e+01    7.3398742397e+01    1.2341470116e-22    6.4000000000e+01    5.4601257599e+01    2.3785400799e-22
  53.0000000    6.4000000000e+01    7.3397667523e+01    1.2341470116e-22    6.4000000000e+01    5.4602332473e+01    2.3785400799e-22
  53.5000000    6.3999999999e+01    7.3396608308e+01    1.2341470116e-22    6.4000000000e+01    5.4603391688e+01    2.3785400799e-22
  54.0000000    6.3999999999e+01    7.3395562736e+01    1.2341470116e-22    6.3999999999e+01    5.4604437263e+01    2.3785400799e-22
  54.5000000    6.4000000000e+01    7.3394528896e+01    1.2341470116e-22    6.3999999999e+01    5.4605471106e+01    2.3785400799e-22
  55.0000000    6.4000000000e+01    7.3393506631e+01    1.2341470116e-22    6.4000000000e+01    5.4606493373e+01    2.3785400799e-22
  55.5000000    6.4000000000e+01    7.3392497226e+01    1.2341470116e-22    6.4000000000e+01    5.4607502778e+01    2.3785400799e-22
  56.0000000    6.4000000001e+01    7.3391501640e+01    1.2341470116e-22    6.4000000000e+01    5.4608498356e+01    2.3785400799e-22
  56.5000000    6.4000000001e+01    7.3390519369e+01    1.2341470116e-22    6.4000000001e+01    5.4609480622e+01    2.3785400799e-22
  57.0000000    6.4000000001e+01    7.3389548958e+01    1.2344055055e-22    6.4000000001e+01    5.4610451048e+01    2.3784754565e-22
  57.5000000    6.4000000000e+01    7.3388589494e+01    1.2340823881e-22    6.4000000001e+01    5.4611410538e+01    2.3786047034e-22
  58.0000000    6.4000000000e+01    7.3387641461e+01    1.2340823881e-22    6.4000000000e+01    5.4612358585e+01    2.3784754565e-22
  58.5000000    6.3999999999e+01    7.3386705732e+01    1.2338885176e-22    6.4000000000e+01    5.4613294313e+01    2.3785400799e-22
  59.0000000    6.3999999999e+01    7.3385781928e+01    1.2341470116e-22    6.3999999999e+01    5.4614218101e+01    2.3789278208e-22
  59.5000000    6.3999999999e+01    7.3384868556e+01    1.2341470116e-22    6.3999999999e+01    5.4615131430e+01    2.3788631974e-22
  60.0000000    6.4000000001e+01    7.3383964827e+01    1.2345993760e-22    6.4000000000e+01    5.4616035106e+01    2.3793155618e-22
  60.5000000    6.4000000002e+01    7.3383071838e+01    1.2348255582e-22    6.4000000001e+01    5.4616928093e+01    2.3791216913e-22
  61.0000000    6.4000000001e+01    7.3382191546e+01    1.2350194286e-22    6.4000000000e+01    5.4617808446e+01    2.3791216913e-22
  61.5000000    6.4000000001e+01    7.3381324488e+01    1.2351809873e-22    6.4000000001e+01    5.4618675568e+01    2.3795094322e-22
  62.0000000    6.4000000005e+01    7.3380468423e+01    1.2350194286e-22    6.4000000005e+01    5.4619531671e+01    2.3795094322e-22
  62.5000000    6.4000000008e+01    7.3379619423e+01    1.2346963112e-22    6.4000000009e+01    5.4620380677e+01    2.3797679262e-22
  63.0000000    6.4000000000e+01    7.3378775122e+01    1.2342277909e-22    6.4000000001e+01    5.4621224873e+01    2.3793801852e-22
  63.5000000    6.3999999982e+01    7.3377937386e+01    1.2337915824e-22    6.3999999983e+01    5.4622062364e+01    2.3791216913e-22
  64.0000000    6.3999999967e+01    7.3377111113e+01    1.2338158162e-22    6.3999999967e+01    5.4622888431e+01    2.3792347824e-22
  64.5000000    6.3999999966e+01    7.3376299478e+01    1.2332584387e-22    6.3999999967e+01    5.4623700152e+01    2.3790732237e-22
  65.0000000    6.3999999988e+01    7.3375500499e+01    1.2336946472e-22    6.3999999992e+01    5.4624499544e+01    2.3799214069e-22
  65.5000000    6.4000000034e+01    7.3374708998e+01    1.2349470428e-22    6.4000000038e+01    5.4625291510e+01    2.3814751474e-22
  66.0000000    6.4000000074e+01    7.3373921771e+01    1.2337353524e-22    6.4000000070e+01    5.4626078889e+01    2.3805522432e-22
  66.5000000    6.4000000066e+01    7.3373140038e+01    1.2331941307e-22    6.4000000051e+01    5.4626860344e+01    2.3800594892e-22
  67.0000000    6.4000000019e+01    7.3372367124e+01    1.2332425983e-22    6.3999999998e+01    5.4627632814e+01    2.3789932016e-22
  67.5000000    6.3999999983e+01    7.3371604890e+01    1.2336141834e-22    6.3999999965e+01    5.4628394811e+01    2.3788154871e-22
  68.0000000    6.3999999975e+01    7.3370852531e+01    1.2331618190e-22    6.3999999972e+01    5.4629147250e+01    2.3788154871e-22
  68.5000000    6.3999999967e+01    7.3370107836e+01    1.2322247784e-22    6.3999999991e+01    5.4629892005e+01    2.3785408372e-22
  69.0000000    6.3999999947e+01    7.3369369288e+01    1.2318047258e-22    6.3999999988e+01    5.4630630227e+01    2.3776361084e-22
  69.5000000    6.3999999936e+01    7.3368637376e+01    1.2323217137e-22    6.3999999955e+01    5.4631361854e+01    2.3778622906e-22
  70.0000000    6.3999999968e+01    7.3367913750e+01    1.2327740781e-22    6.3999999945e+01    5.4632086045e+01    2.3775714850e-22
  70.5000000    6.4000000052e+01    7.3367198760e+01    1.2329679485e-22    6.4000000023e+01    5.4632802076e+01    2.3775714850e-22
  71.0000000    6.4000000122e+01    7.3366490718e+01    1.2331618190e-22    6.4000000131e+01    5.4633510425e+01    2.3772483675e-22
  71.5000000    6.4000000104e+01    7.3365788253e+01    1.2329033250e-22    6.4000000134e+01    5.4634212379e+01    2.3773129910e-22
  72.0000000    6.4000000039e+01    7.3365092143e+01    1.2329033250e-22    6.4000000050e+01    5.4634907963e+01    2.3777330437e-22
  72.5000000    6.4000000001e+01    7.3364403902e+01    1.2329679485e-22    6.3999999999e+01    5.4635595708e+01    2.3774099263e-22
  73.0000000    6.3999999955e+01    7.3363723820e+01    1.2329679485e-22    6.3999999964e+01    5.4636275266e+01    2.3772160558e-22
  73.5000000    6.3999999913e+01    7.3363051092e+01    1.2331618190e-22    6.3999999909e+01    5.4636948342e+01    2.3772806793e-22
  74.0000000    6.3999999990e+01    7.3362384487e+01    1.2330325720e-22    6.3999999964e+01    5.4637616104e+01    2.3772806793e-22
  74.5000000    6.4000000103e+01    7.3361722341e+01    1.2332264425e-22    6.4000000126e+01    5.4638278396e+01    2.3772806793e-22
  75.0000000    6.4000000041e+01    7.3361063828e+01    1.2331618190e-22    6.4000000113e+01    5.4638935917e+01    2.3772806793e-22
  75.5000000    6.3999999906e+01    7.3360411331e+01    1.2330325720e-22    6.3999999888e+01    5.4639588386e+01    2.3774099263e-22
  76.0000000    6.3999999961e+01    7.3359769312e+01    1.2329033250e-22    6.3999999866e+01    5.4640231355e+01    2.3771514323e-22
  76.5000000    6.4000000108e+01    7.3359138671e+01    1.2329679485e-22    6.4000000167e+01    5.4640861873e+01    2.3774745497e-22
  77.0000000    6.4000000113e+01    7.3358513988e+01    1.2330325720e-22    6.4000000284e+01    5.4641485462e+01    2.3773453028e-22
  77.5000000    6.4000000048e+01    7.3357888982e+01    1.2327740781e-22    6.4000000003e+01    5.4642110156e+01    2.3774099263e-22
  78.0000000    6.4000000038e+01    7.3357263987e+01    1.2323217137e-22    6.3999999832e+01    5.4642735756e+01    2.3776684202e-22
  78.5000000    6.4000000016e+01    7.3356645954e+01    1.2323217137e-22    6.4000000019e+01    5.4643354287e+01    2.3776684202e-22
  79.0000000    6.3999999983e+01    7.3356040894e+01    1.2320632197e-22    6.4000000107e+01    5.4643959587e+01    2.3772160558e-22
  79.5000000    6.4000000004e+01    7.3355447358e+01    1.2319985962e-22    6.3999999940e+01    5.4644553583e+01    2.3771514323e-22
  80.0000000    6.4000000000e+01    7.3354858089e+01    1.2319985962e-22    6.3999999949e+01    5.4645143150e+01    2.3770868088e-22
  80.5000000    6.3999999935e+01    7.3354268509e+01    1.2321278432e-22    6.4000000100e+01    5.4645731941e+01    2.3774099263e-22
  81.0000000    6.3999999958e+01    7.3353682646e+01    1.2323863371e-22    6.3999999994e+01    5.4646316513e+01    2.3770868088e-22
  81.5000000    6.4000000108e+01    7.3353108483e+01    1.2323863371e-22    6.3999999947e+01    5.4646890539e+01    2.3769575619e-22
  82.0000000    6.4000000201e+01    7.3352549176e+01    1.2321278432e-22    6.4000000291e+01    5.4647450707e+01    2.3770868088e-22
  82.5000000    6.4000000121e+01    7.3352003803e+01    1.2321278432e-22    6.4000000347e+01    5.4647996482e+01    2.3770868088e-22
  83.0000000    6.3999999985e+01    7.3351474386e+01    1.2321278432e-22    6.3999999820e+01    5.4648525795e+01    2.3768929384e-22
  83.5000000    6.3999999935e+01    7.3350964410e+01    1.2323217137e-22    6.3999999633e+01    5.4649035785e+01    2.3766344444e-22
  84.0000000    6.3999999935e+01    7.3350470411e+01    1.2323863371e-22    6.4000000070e+01    5.4649529789e+01    2.3765051975e-22
  84.5000000    6.3999999917e+01    7.3349979250e+01    1.2323863371e-22    6.4000000245e+01    5.4650021044e+01    2.3768283149e-22
  85.0000000    6.3999999983e+01    7.3349472986e+01    1.2323863371e-22    6.3999999956e+01    5.4650527664e+01    2.3768283149e-22
  85.5000000    6.4000000138e+01    7.3348936357e+01    1.2322570902e-22    6.3999999896e+01    5.4651064191e+01    2.3768283149e-22
  86.0000000    6.4000000138e+01    7.3348363643e+01    1.2321278432e-22    6.4000000137e+01    5.4651636143e+01    2.3768283149e-22
  86.5000000    6.3999999951e+01    7.3347761562e+01    1.2322570902e-22    6.4000000160e+01    5.4652237923e+01    2.3768283149e-22
  87.0000000    6.3999999912e+01    7.3347147282e+01    1.2322570902e-22    6.3999999978e+01    5.4652852779e+01    2.3768283149e-22
  87.5000000    6.4000000082e+01    7.3346543345e+01    1.2322570902e-22    6.3999999938e+01    5.4653457117e+01    2.3768283149e-22
  88.0000000    6.4000000102e+01    7.3345969319e+01    1.2322570902e-22    6.3999999984e+01    5.4654030818e+01    2.3768283149e-22
  88.5000000    6.3999999951e+01    7.3345432775e+01    1.2322570902e-22    6.3999999959e+01    5.4654567021e+01    2.3768283149e-22
  89.0000000    6.3999999960e+01    7.3344927105e+01    1.2322570902e-22    6.3999999987e+01    5.4655072801e+01    2.3768283149e-22
  89.5000000    6.4000000075e+01    7.3344437890e+01    1.2322570902e-22    6.4000000062e+01    5.4655562225e+01    2.3768283149e-22
  90.0000000    6.4000000044e+01    7.3343951640e+01    1.2322570902e-22    6.4000000031e+01    5.4656048597e+01    2.3768283149e-22
  90.5000000    6.3999999983e+01    7.3343461853e+01    1.2322570902e-22    6.4000000011e+01    5.4656538568e+01    2.3768283149e-22
  91.0000000    6.4000000007e+01    7.3342969103e+01    1.2322570902e-22    6.4000000067e+01    5.4657031335e+01    2.3768283149e-22
  91.5000000    6.3999999986e+01    7.3342475408e+01    1.2322570902e-22    6.4000000004e+01    5.4657524618e+01    2.3768283149e-22
  92.0000000    6.3999999939e+01    7.3341980925e+01    1.2322570902e-22    6.3999999889e+01    5.4658018751e+01    2.3768283149e-22
  92.5000000    6.3999999989e+01    7.3341486427e+01    1.2322570902e-22    6.3999999937e+01    5.4658513479e+01    2.3768283149e-22
  93.0000000    6.4000000053e+01    7.3340994092e+01    1.2322570902e-22    6.4000000035e+01    5.4659006218e+01    2.3768283149e-22
  93.5000000    6.4000000046e+01    7.3340505041e+01    1.2322570902e-22    6.4000000050e+01    5.4659495274e+01    2.3768283149e-22
  94.0000000    6.4000000022e+01    7.3340019642e+01    1.2322570902e-22    6.4000000063e+01    5.4659980428e+01    2.3768283149e-22
  94.5000000    6.4000000010e+01    7.3339538631e+01    1.2322570902e-22    6.4000000067e+01    5.4660461229e+01    2.3768283149e-22
  95.0000000    6.3999999965e+01    7.3339060931e+01    1.2322570902e-22    6.3999999997e+01    5.4660938802e+01    2.3768283149e-22
  95.5000000    6.3999999898e+01    7.3338582490e+01    1.2322570902e-22    6.3999999886e+01    5.4661417421e+01    2.3768283149e-22
  96.0000000    6.3999999947e+01    7.3338099050e+01    1.2322570902e-22    6.3999999835e+01    5.4661901368e+01    2.3768283149e-22
  96.5000000    6.4000000119e+01    7.3337608657e+01    1.2322570902e-22    6.3999999987e+01    5.4662391914e+01    2.3768283149e-22
  97.0000000    6.4000000119e+01    7.3337112092e+01    1.2322570902e-22    6.4000000214e+01    5.4662887915e+01    2.3768283149e-22
  97.5000000    6.3999999896e+01    7.3336614196e+01    1.2322570902e-22    6.4000000109e+01    5.4663385367e+01    2.3768283149e-22
  98.0000000    6.3999999874e+01    7.3336126344e+01    1.2322570902e-22    6.3999999787e+01    5.4663873579e+01    2.3768283149e-22
  98.5000000    6.4000000081e+01    7.3335664799e+01    1.2322570902e-22    6.3999999810e+01    5.4664335572e+01    2.3768323539e-22
  99.0000000    6.4000000055e+01    7.3335241775e+01    1.2322570902e-22    6.4000000098e+01    5.4664758351e+01    2.3768323539e-22
  99.5000000    6.3999999877e+01    7.3334856212e+01    1.2322570902e-22    6.4000000132e+01    5.4665143473e+01    2.3768323539e-22
 100.0000000    6.3999999967e+01    7.3334493570e+01    1.2322570902e-22    6.3999999972e+01    5.4665506098e+01    2.3768323539e-22
 100.5000000    6.4000000124e+01    7.3334133057e+01    1.2322570902e-22    6.3999999941e+01    5.4665866715e+01    2.3768323539e-22
 101.0000000    6.4000000024e+01    7.3333755297e+01    1.2322570902e-22    6.3999999984e+01    5.4666244518e+01    2.3768323539e-22
 101.5000000    6.3999999913e+01    7.3333348786e+01    1.2322570902e-22    6.3999999979e+01    5.4666651374e+01    2.3768323539e-22
 102.0000000    6.3999999995e+01    7.3332914571e+01    1.2322570902e-22    6.3999999978e+01    5.4667085997e+01    2.3768323539e-22
 102.5000000    6.4000000031e+01    7.3332465207e+01    1.2322570902e-22    6.4000000000e+01    5.4667535132e+01    2.3768323539e-22
 103.0000000    6.3999999915e+01    7.3332016668e+01    1.2322570902e-22    6.4000000001e+01    5.4667983045e+01    2.3768323539e-22
 103.5000000    6.3999999892e+01    7.3331578084e+01    1.2322570902e-22    6.3999999968e+01    5.4668421449e+01    2.3768323539e-22
 104.0000000    6.4000000029e+01    7.3331146984e+01    1.2322570902e-22    6.3999999930e+01    5.4668852806e+01    2.3768323539e-22
 104.5000000    6.4000000076e+01    7.3330714020e+01    1.2322570902e-22    6.3999999943e+01    5.4669285906e+01    2.3768323539e-22
 105.0000000    6.3999999973e+01    7.3330272172e+01    1.2322570902e-22    6.4000000016e+01    5.4669727802e+01    2.3768323539e-22
 105.5000000    6.3999999972e+01    7.3329822026e+01    1.2322570902e-22    6.4000000073e+01    5.4670178127e+01    2.3768323539e-22
 106.0000000    6.4000000101e+01    7.3329371886e+01    1.2322570902e-22    6.4000000065e+01    5.4670628214e+01    2.3768323539e-22
 106.5000000    6.4000000094e+01    7.3328936036e+01    1.2322570902e-22    6.4000000011e+01    5.4671063599e+01    2.3768323539e-22
 107.0000000    6.3999999912e+01    7.3328530491e+01    1.2322570902e-22    6.3999999939e+01    5.4671468889e+01    2.3768323539e-22
 107.5000000    6.3999999796e+01    7.3328165939e+01    1.2322570902e-22    6.3999999883e+01    5.4671833792e+01    2.3768323539e-22
 108.0000000    6.3999999851e+01    7.3327843080e+01    1.2322570902e-22    6.3999999890e+01    5.4672156985e+01    2.3768323539e-22
 108.5000000    6.3999999973e+01    7.3327553190e+01    1.2322570902e-22    6.3999999961e+01    5.4672446581e+01    2.3768323539e-22
 109.0000000    6.4000000055e+01    7.3327280441e+01    1.2322570902e-22    6.4000000034e+01    5.4672718944e+01    2.3768323539e-22
 109.5000000    6.4000000077e+01    7.3327004416e+01    1.2322570902e-22    6.4000000045e+01    5.4672995402e+01    2.3768323539e-22
 110.0000000    6.4000000055e+01    7.3326704585e+01    1.2322570902e-22    6.3999999989e+01    5.4673296156e+01    2.3768323539e-22
 110.5000000    6.3999999999e+01    7.3326365437e+01    1.2322570902e-22    6.3999999916e+01    5.4673635456e+01    2.3768323539e-22
 111.0000000    6.3999999945e+01    7.3325979059e+01    1.2322570902e-22    6.3999999891e+01    5.4674020972e+01    2.3768323539e-22
 111.5000000    6.3999999948e+01    7.3325545680e+01    1.2322570902e-22    6.3999999942e+01    5.4674453560e+01    2.3768323539e-22
 112.0000000    6.4000000007e+01    7.3325074065e+01    1.2322570902e-22    6.4000000043e+01    5.4674925054e+01    2.3768323539e-22
 112.5000000    6.4000000066e+01    7.3324581171e+01    1.2322570902e-22    6.4000000125e+01    5.4675417973e+01    2.3768323539e-22
 113.0000000    6.4000000077e+01    7.3324090119e+01    1.2322570902e-22    6.4000000126e+01    5.4675908956e+01    2.3768323539e-22
 113.5000000    6.4000000017e+01    7.3323626660e+01    1.2322570902e-22    6.4000000038e+01    5.4676372810e+01    2.3768323539e-22
 114.0000000    6.3999999896e+01    7.3323213666e+01    1.2322570902e-22    6.3999999914e+01    5.4676786769e+01    2.3768323539e-22
 114.5000000    6.3999999784e+01    7.3322863501e+01    1.2322570902e-22    6.3999999825e+01    5.4677137668e+01    2.3768323539e-22
 115.0000000    6.3999999757e+01    7.3322571367e+01    1.2322570902e-22    6.3999999806e+01    5.4677429735e+01    2.3768299557e-22
 115.5000000    6.3999999834e+01    7.3322314569e+01    1.2322570902e-22    6.3999999844e+01    5.4677685903e+01    2.3768299557e-22
 116.0000000    6.3999999966e+01    7.3322060377e+01    1.2322570902e-22    6.3999999906e+01    5.4677939269e+01    2.3768299557e-22
 116.5000000    6.4000000080e+01    7.3321780456e+01    1.2322570902e-22    6.3999999959e+01    5.4678218365e+01    2.3768299557e-22
 117.0000000    6.4000000109e+01    7.3321464740e+01    1.2322570902e-22    6.3999999982e+01    5.4678533757e+01    2.3768299557e-22
 117.5000000    6.4000000031e+01    7.3321125389e+01    1.2322570902e-22    6.3999999966e+01    5.4678873750e+01    2.3768299557e-22
 118.0000000    6.3999999874e+01    7.3320786964e+01    1.2322570902e-22    6.3999999911e+01    5.4679213257e+01    2.3768299557e-22
 118.5000000    6.3999999710e+01    7.3320469070e+01    1.2322570902e-22    6.3999999827e+01    5.4679531516e+01    2.3768299557e-22
 119.0000000    6.3999999616e+01    7.3320172640e+01    1.2322570902e-22    6.3999999746e+01    5.4679827329e+01    2.3768299557e-22
 119.5000000    6.3999999634e+01    7.3319877555e+01    1.2322570902e-22    6.3999999707e+01    5.4680121676e+01    2.3768299557e-22
 120.0000000    6.3999999747e+01    7.3319553145e+01    1.2322570902e-22    6.3999999743e+01    5.4680445948e+01    2.3768299557e-22
 120.5000000    6.3999999885e+01    7.3319176684e+01    1.2322570902e-22    6.3999999848e+01    5.4680822828e+01    2.3768299557e-22
 121.0000000    6.3999999966e+01    7.3318749157e+01    1.2322570902e-22    6.3999999973e+01    5.4681250991e+01    2.3768299557e-22
 121.5000000    6.3999999947e+01    7.3318297988e+01    1.2322570902e-22    6.4000000045e+01    5.4681702585e+01    2.3768299557e-22
 122.0000000    6.3999999862e+01    7.3317865129e+01    1.2322570902e-22    6.4000000023e+01    5.4682135211e+01    2.3768299557e-22
 122.5000000    6.3999999795e+01    7.3317487677e+01    1.2322490122e-22    6.3999999931e+01    5.4682511903e+01    2.3768137998e-22
 123.0000000    6.3999999812e+01    7.3317180781e+01    1.2322490122e-22    6.3999999840e+01    5.4682818349e+01    2.3768137998e-22
 123.5000000    6.3999999897e+01    7.3316930964e+01    1.2322490122e-22    6.3999999811e+01    5.4683068586e+01    2.3768137998e-22
 124.0000000    6.3999999977e+01    7.3316703293e+01    1.2322490122e-22    6.3999999850e+01    5.4683297133e+01    2.3768137998e-22
 124.5000000    6.3999999991e+01    7.3316457913e+01    1.2322490122e-22    6.3999999917e+01    5.4683542975e+01    2.3768137998e-22
 125.0000000    6.3999999947e+01    7.3316166009e+01    1.2322490122e-22    6.3999999958e+01    5.4683834462e+01    2.3768137998e-22
 125.5000000    6.3999999903e+01    7.3315817431e+01    1.2322490122e-22    6.3999999959e+01    5.4684181956e+01    2.3768137998e-22
 126.0000000    6.3999999913e+01    7.3315419435e+01    1.2322415023e-22    6.3999999945e+01    5.4684578918e+01    2.3768137998e-22
 126.5000000    6.3999999981e+01    7.3314991046e+01    1.2322415023e-22    6.3999999950e+01    5.4685007114e+01    2.3768137998e-22
 127.0000000    6.4000000064e+01    7.3314557733e+01    1.2322415023e-22    6.3999999980e+01    5.4685441364e+01    2.3768137998e-22
 127.5000000    6.4000000107e+01    7.3314147703e+01    1.2322192880e-22    6.4000000013e+01    5.4685852945e+01    2.3768299557e-22
 128.0000000    6.4000000082e+01    7.3313787659e+01    1.2322031321e-22    6.4000000019e+01    5.4686214132e+01    2.3768259167e-22
 128.5000000    6.4000000003e+01    7.3313495839e+01    1.2322031321e-22    6.3999999989e+01    5.4686505837e+01    2.3768259167e-22
 129.0000000    6.3999999912e+01    7.3313273954e+01    1.2322031321e-22    6.3999999941e+01    5.4686726252e+01    2.3768259167e-22
 129.5000000    6.3999999859e+01    7.3313103257e+01    1.2321869762e-22    6.3999999909e+01    5.4686894948e+01    2.3767895660e-22
 130.0000000    6.3999999874e+01    7.3312949026e+01    1.2322031321e-22    6.3999999917e+01    5.4687047934e+01    2.3767370595e-22
 130.5000000    6.3999999942e+01    7.3312772720e+01    1.2322031321e-22    6.3999999954e+01    5.4687224641e+01    2.3767370595e-22
 131.0000000    6.4000000015e+01    7.3312546204e+01    1.2322031321e-22    6.3999999985e+01    5.4687453025e+01    2.3767370595e-22
 131.5000000    6.4000000048e+01    7.3312261391e+01    1.2322031321e-22    6.3999999985e+01    5.4687739987e+01    2.3767370595e-22
 132.0000000    6.4000000030e+01    7.3311931325e+01    1.2322031321e-22    6.3999999957e+01    5.4688071103e+01    2.3767370595e-22
 132.5000000    6.3999999989e+01    7.3311582999e+01    1.2322031321e-22    6.3999999922e+01    5.4688418808e+01    2.3767370595e-22
 133.0000000    6.3999999960e+01    7.3311245847e+01    1.2322031321e-22    6.3999999908e+01    5.4688754292e+01    2.3767370595e-22
 133.5000000    6.3999999954e+01    7.3310941272e+01    1.2322031321e-22    6.3999999924e+01    5.4689057395e+01    2.3767370595e-22
 134.0000000    6.3999999958e+01    7.3310677292e+01    1.2322031321e-22    6.3999999959e+01    5.4689320910e+01    2.3767370595e-22
 134.5000000    6.3999999947e+01    7.3310449026e+01    1.2322031321e-22    6.3999999989e+01    5.4689549493e+01    2.3767370595e-22
 135.0000000    6.3999999906e+01    7.3310242645e+01    1.2322031321e-22    6.3999999990e+01    5.4689756115e+01    2.3767370595e-22
 135.5000000    6.3999999848e+01    7.3310039453e+01    1.2322031321e-22    6.3999999949e+01    5.4689958974e+01    2.3767370595e-22
 136.0000000    6.3999999816e+01    7.3309818664e+01    1.2322031321e-22    6.3999999882e+01    5.4690179313e+01    2.3767370595e-22
 136.5000000    6.3999999863e+01    7.3309560472e+01    1.2322031321e-22    6.3999999837e+01    5.4690437946e+01    2.3767370595e-22
 137.0000000    6.3999999995e+01    7.3309251923e+01    1.2322354438e-22    6.3999999861e+01    5.4690748310e+01    2.3767370595e-22
 137.5000000    6.4000000154e+01    7.3308894971e+01    1.2322354438e-22    6.3999999957e+01    5.4691107638e+01    2.3767370595e-22
 138.0000000    6.4000000243e+01    7.3308511377e+01    1.2322354438e-22    6.4000000072e+01    5.4691492392e+01    2.3767370595e-22
 138.5000000    6.4000000191e+01    7.3308138006e+01    1.2322354438e-22    6.4000000136e+01    5.4691864321e+01    2.3767370595e-22
 139.0000000    6.4000000002e+01    7.3307811550e+01    1.2322354438e-22    6.4000000114e+01    5.4692187096e+01    2.3767370595e-22
 139.5000000    6.3999999764e+01    7.3307550068e+01    1.2322354438e-22    6.4000000026e+01    5.4692444858e+01    2.3767370595e-22
 140.0000000    6.3999999601e+01    7.3307342942e+01    1.2322354438e-22    6.3999999916e+01    5.4692650789e+01    2.3767370595e-22
 140.5000000    6.3999999608e+01    7.3307156515e+01    1.2322354438e-22    6.3999999820e+01    5.4692839520e+01    2.3767370595e-22
 141.0000000    6.3999999786e+01    7.3306952625e+01    1.2322354438e-22    6.3999999752e+01    5.4693047761e+01    2.3767370595e-22
 141.5000000    6.4000000030e+01    7.3306708642e+01    1.2322354438e-22    6.3999999724e+01    5.4693295267e+01    2.3767370595e-22
 142.0000000    6.4000000206e+01    7.3306426792e+01    1.2322354438e-22    6.3999999764e+01    5.4693577606e+01    2.3767370595e-22
 142.5000000    6.4000000241e+01    7.3306128132e+01    1.2322515997e-22    6.3999999899e+01    5.4693873749e+01    2.3767693712e-22
 143.0000000    6.4000000167e+01    7.3305836893e+01    1.2322515997e-22    6.4000000107e+01    5.4694161564e+01    2.3767693712e-22
 143.5000000    6.4000000048e+01    7.3305566625e+01    1.2322515997e-22    6.4000000289e+01    5.4694429947e+01    2.3767693712e-22
 144.0000000    6.3999999921e+01    7.3305316742e+01    1.2322515997e-22    6.4000000308e+01    5.4694680400e+01    2.3767653322e-22
 144.5000000    6.3999999787e+01    7.3305079746e+01    1.2322515997e-22    6.4000000097e+01    5.4694919265e+01    2.3767653322e-22
 145.0000000    6.3999999664e+01    7.3304852041e+01    1.2322515997e-22    6.3999999738e+01    5.4695148076e+01    2.3767653322e-22
 145.5000000    6.3999999601e+01    7.3304639688e+01    1.2322515997e-22    6.3999999431e+01    5.4695359668e+01    2.3767653322e-22
 146.0000000    6.3999999644e+01    7.3304454580e+01    1.2322515997e-22    6.3999999359e+01    5.4695542973e+01    2.3767653322e-22
 146.5000000    6.3999999802e+01    7.3304303064e+01    1.2322515997e-22    6.3999999567e+01    5.4695693673e+01    2.3767653322e-22
 147.0000000    6.4000000032e+01    7.3304174288e+01    1.2322515997e-22    6.3999999940e+01    5.4695824039e+01    2.3767128256e-22
 147.5000000    6.4000000246e+01    7.3304036825e+01    1.2322677556e-22    6.4000000275e+01    5.4695964892e+01    2.3767451374e-22
 148.0000000    6.4000000347e+01    7.3303848463e+01    1.2322677556e-22    6.4000000401e+01    5.4696156039e+01    2.3767451374e-22
 148.5000000    6.4000000285e+01    7.3303576278e+01    1.2322677556e-22    6.4000000280e+01    5.4696427993e+01    2.3767451374e-22
 149.0000000    6.4000000097e+01    7.3303216374e+01    1.2322677556e-22    6.4000000023e+01    5.4696784259e+01    2.3767289815e-22
 149.5000000    6.3999999894e+01    7.3302800633e+01    1.2322677556e-22    6.3999999807e+01    5.4697195120e+01    2.3767128256e-22
 150.0000000    6.3999999781e+01    7.3302384462e+01    1.2322677556e-22    6.3999999747e+01    5.4697608396e+01    2.3767128256e-22
 150.5000000    6.3999999792e+01    7.3302021254e+01    1.2322677556e-22    6.3999999838e+01    5.4697972583e+01    2.3767128256e-22
 151.0000000    6.3999999891e+01    7.3301738128e+01    1.2322677556e-22    6.3999999985e+01    5.4698259750e+01    2.3767128256e-22
 151.5000000    6.4000000010e+01    7.3301526868e+01    1.2322677556e-22    6.4000000084e+01    5.4698475326e+01    2.3767128256e-22
 152.0000000    6.4000000093e+01    7.3301354066e+01    1.2322677556e-22    6.4000000091e+01    5.4698650097e+01    2.3767128256e-22
 152.5000000    6.4000000112e+01    7.3301182265e+01    1.2322677556e-22    6.4000000032e+01    5.4698820851e+01    2.3767128256e-22
 153.0000000    6.4000000074e+01    7.3300988110e+01    1.2322677556e-22    6.3999999976e+01    5.4699012320e+01    2.3767128256e-22
 153.5000000    6.4000000012e+01    7.3300767842e+01    1.2322677556e-22    6.3999999974e+01    5.4699230277e+01    2.3767128256e-22
 154.0000000    6.3999999958e+01    7.3300530591e+01    1.2322677556e-22    6.4000000018e+01    5.4699466671e+01    2.3767128256e-22
 154.5000000    6.3999999928e+01    7.3300287610e+01    1.2322677556e-22    6.4000000051e+01    5.4699709959e+01    2.3767128256e-22
 155.0000000    6.3999999914e+01    7.3300045730e+01    1.2322677556e-22    6.4000000016e+01    5.4699952419e+01    2.3767128256e-22
 155.5000000    6.3999999907e+01    7.3299807688e+01    1.2322677556e-22    6.3999999911e+01    5.4700190799e+01    2.3767128256e-22
 156.0000000    6.3999999906e+01    7.3299576101e+01    1.2322677556e-22    6.3999999805e+01    5.4700422621e+01    2.3767128256e-22
 156.5000000    6.3999999921e+01    7.3299356018e+01    1.2322596776e-22    6.3999999779e+01    5.4700643184e+01    2.3767087867e-22
 157.0000000    6.3999999965e+01    7.3299153257e+01    1.2322637166e-22    6.3999999861e+01    5.4700846710e+01    2.3766949027e-22
 157.5000000    6.4000000030e+01    7.3298969586e+01    1.2322637166e-22    6.3999999996e+01    5.4701031064e+01    2.3766938930e-22
 158.0000000    6.4000000083e+01    7.3298798255e+01    1.2322637166e-22    6.4000000081e+01    5.4701202533e+01    2.3766938930e-22
 158.5000000    6.4000000083e+01    7.3298623407e+01    1.2322637166e-22    6.4000000046e+01    5.4701376787e+01    2.3766938930e-22
 159.0000000    6.4000000019e+01    7.3298424844e+01    1.2322637166e-22    6.3999999915e+01    5.4701574252e+01    2.3766938930e-22
 159.5000000    6.3999999909e+01    7.3298186668e+01    1.2322637166e-22    6.3999999794e+01    5.4701811361e+01    2.3766938930e-22
 160.0000000    6.3999999806e+01    7.3297905580e+01    1.2322637166e-22    6.3999999792e+01    5.4702091995e+01    2.3766938930e-22
 160.5000000    6.3999999776e+01    7.3297593958e+01    1.2322637166e-22    6.3999999929e+01    5.4702404068e+01    2.3766938930e-22
 161.0000000    6.3999999847e+01    7.3297275338e+01    1.2323121842e-22    6.4000000112e+01    5.4702723819e+01    2.3766938930e-22
 161.5000000    6.3999999977e+01    7.3296974278e+01    1.2322960284e-22    6.4000000207e+01    5.4703026032e+01    2.3766777371e-22
 162.0000000    6.4000000080e+01    7.3296705908e+01    1.2322960284e-22    6.4000000136e+01    5.4703294902e+01    2.3766777371e-22
 162.5000000    6.4000000093e+01    7.3296470507e+01    1.2322960284e-22    6.3999999931e+01    5.4703529886e+01    2.3766777371e-22
 163.0000000    6.4000000020e+01    7.3296255485e+01    1.2322879504e-22    6.3999999722e+01    5.4703743850e+01    2.3766817761e-22
 163.5000000    6.3999999928e+01    7.3296043110e+01    1.2322738140e-22    6.3999999644e+01    5.4703955160e+01    2.3766676397e-22
 164.0000000    6.3999999895e+01    7.3295819645e+01    1.2322536192e-22    6.3999999744e+01    5.4704178156e+01    2.3766595618e-22
 164.5000000    6.3999999945e+01    7.3295581634e+01    1.2322536192e-22    6.3999999943e+01    5.4704416562e+01    2.3766595618e-22
 165.0000000    6.4000000016e+01    7.3295336991e+01    1.2322629593e-22    6.4000000101e+01    5.4704662234e+01    2.3766595618e-22
 165.5000000    6.4000000012e+01    7.3295100886e+01    1.2322629593e-22    6.4000000118e+01    5.4704899399e+01    2.3766595618e-22
 166.0000000    6.3999999903e+01    7.3294888046e+01    1.2322629593e-22    6.3999999985e+01    5.4705112677e+01    2.3766595618e-22
 166.5000000    6.3999999768e+01    7.3294704521e+01    1.2322629593e-22    6.3999999803e+01    5.4705295753e+01    2.3766595618e-22
 167.0000000    6.3999999734e+01    7.3294542785e+01    1.2322629593e-22    6.3999999721e+01    5.4705456473e+01    2.3766595618e-22
 167.5000000    6.3999999872e+01    7.3294383418e+01    1.2322629593e-22    6.3999999819e+01    5.4705614952e+01    2.3766595618e-22
 168.0000000    6.4000000109e+01    7.3294203705e+01    1.2322629593e-22    6.4000000038e+01    5.4705794507e+01    2.3766595618e-22
 168.5000000    6.4000000270e+01    7.3293989193e+01    1.2322629593e-22    6.4000000219e+01    5.4706009702e+01    2.3766595618e-22
 169.0000000    6.4000000222e+01    7.3293741548e+01    1.2322629593e-22    6.4000000231e+01    5.4706258410e+01    2.3766999514e-22
 169.5000000    6.4000000002e+01    7.3293477520e+01    1.2322629593e-22    6.4000000060e+01    5.4706523158e+01    2.3766999514e-22
 170.0000000    6.3999999784e+01    7.3293219353e+01    1.2322629593e-22    6.3999999831e+01    5.4706781198e+01    2.3766999514e-22
 170.5000000    6.3999999719e+01    7.3292982803e+01    1.2322629593e-22    6.3999999711e+01    5.4707016846e+01    2.3766999514e-22
 171.0000000    6.3999999820e+01    7.3292770257e+01    1.2322791152e-22    6.3999999769e+01    5.4707228318e+01    2.3766878345e-22
 171.5000000    6.3999999981e+01    7.3292572237e+01    1.2322791152e-22    6.3999999927e+01    5.4707425824e+01    2.3766878345e-22
 172.0000000    6.4000000082e+01    7.3292374369e+01    1.2322791152e-22    6.4000000046e+01    5.4707624119e+01    2.3766878345e-22
 172.5000000    6.4000000081e+01    7.3292163976e+01    1.2322791152e-22    6.4000000050e+01    5.4707835623e+01    2.3766878345e-22
 173.0000000    6.4000000022e+01    7.3291932938e+01    1.2322791152e-22    6.3999999963e+01    5.4708067720e+01    2.3766878345e-22
 173.5000000    6.3999999956e+01    7.3291678150e+01    1.2322791152e-22    6.3999999865e+01    5.4708322800e+01    2.3766878345e-22
 174.0000000    6.3999999887e+01    7.3291402700e+01    1.2322791152e-22    6.3999999815e+01    5.4708597589e+01    2.3766878345e-22
 174.5000000    6.3999999802e+01    7.3291118231e+01    1.2322791152e-22    6.3999999818e+01    5.4708880916e+01    2.3766878345e-22
 175.0000000    6.3999999751e+01    7.3290845197e+01    1.2322791152e-22    6.3999999859e+01    5.4709153127e+01    2.3766878345e-22
 175.5000000    6.3999999829e+01    7.3290607466e+01    1.2322791152e-22    6.3999999938e+01    5.4709390949e+01    2.3766878345e-22
 176.0000000    6.4000000065e+01    7.3290421795e+01    1.2322791152e-22    6.4000000048e+01    5.4709577629e+01    2.3766878345e-22
 176.5000000    6.4000000334e+01    7.3290287799e+01    1.2322791152e-22    6.4000000144e+01    5.4709712940e+01    2.3766878345e-22
 177.0000000    6.4000000420e+01    7.3290185552e+01    1.2322629593e-22    6.4000000147e+01    5.4709815956e+01    2.3766716787e-22
 177.5000000    6.4000000202e+01    7.3290083791e+01    1.2322629593e-22    6.4000000012e+01    5.4709917396e+01    2.3766716787e-22
 178.0000000    6.3999999793e+01    7.3289954606e+01    1.2322629593e-22    6.3999999795e+01    5.4710045318e+01    2.3766716787e-22
 178.5000000    6.3999999473e+01    7.3289785873e+01    1.2322629593e-22    6.3999999630e+01    5.4710212631e+01    2.3766716787e-22
 179.0000000    6.3999999478e+01    7.3289584242e+01    1.2322589203e-22    6.3999999642e+01    5.4710413625e+01    2.3766555228e-22
 179.5000000    6.3999999800e+01    7.3289367922e+01    1.2322548814e-22    6.3999999840e+01    5.4710630543e+01    2.3766595618e-22
 180.0000000    6.4000000201e+01    7.3289154989e+01    1.2322548814e-22    6.4000000100e+01    5.4710844916e+01    2.3766595618e-22
 180.5000000    6.4000000407e+01    7.3288954820e+01    1.2322548814e-22    6.4000000256e+01    5.4711046400e+01    2.3766595618e-22
 181.0000000    6.4000000314e+01    7.3288766768e+01    1.2322548814e-22    6.4000000222e+01    5.4711234815e+01    2.3766595618e-22
 181.5000000    6.4000000046e+01    7.3288584728e+01    1.2322548814e-22    6.4000000045e+01    5.4711416183e+01    2.3766595618e-22
 182.0000000    6.3999999812e+01    7.3288402990e+01    1.2322548814e-22    6.3999999847e+01    5.4711596852e+01    2.3766595618e-22
 182.5000000    6.3999999738e+01    7.3288219413e+01    1.2322548814e-22    6.3999999736e+01    5.4711779777e+01    2.3766595618e-22
 183.0000000    6.3999999800e+01    7.3288034933e+01    1.2322548814e-22    6.3999999742e+01    5.4711964398e+01    2.3766595618e-22
 183.5000000    6.3999999897e+01    7.3287851070e+01    1.2322548814e-22    6.3999999821e+01    5.4712148943e+01    2.3766595618e-22
 184.0000000    6.3999999952e+01    7.3287667876e+01    1.2322548814e-22    6.3999999908e+01    5.4712332774e+01    2.3766595618e-22
 184.5000000    6.3999999963e+01    7.3287483816e+01    1.2322548814e-22    6.3999999965e+01    5.4712516995e+01    2.3766595618e-22
 185.0000000    6.3999999971e+01    7.3287297346e+01    1.2322548814e-22    6.3999999988e+01    5.4712703161e+01    2.3766595618e-22
 185.5000000    6.4000000000e+01    7.3287108668e+01    1.2322548814e-22    6.3999999990e+01    5.4712891409e+01    2.3766595618e-22
 186.0000000    6.4000000040e+01    7.3286920128e+01    1.2322548814e-22    6.3999999980e+01    5.4713079741e+01    2.3766595618e-22
 186.5000000    6.4000000057e+01    7.3286734923e+01    1.2322548814e-22    6.3999999962e+01    5.4713265062e+01    2.3766595618e-22
 187.0000000    6.4000000033e+01    7.3286555147e+01    1.2322548814e-22    6.3999999940e+01    5.4713445150e+01    2.3766595618e-22
 187.5000000    6.3999999980e+01    7.3286380626e+01    1.2322548814e-22    6.3999999922e+01    5.4713619972e+01    2.3766595618e-22
 188.0000000    6.3999999928e+01    7.3286209344e+01    1.2322548814e-22    6.3999999920e+01    5.4713791431e+01    2.3766595618e-22
 188.5000000    6.3999999908e+01    7.3286038946e+01    1.2322548814e-22    6.3999999939e+01    5.4713961894e+01    2.3766595618e-22
 189.0000000    6.3999999929e+01    7.3285868106e+01    1.2322548814e-22    6.3999999971e+01    5.4714132757e+01    2.3766595618e-22
 189.5000000    6.3999999978e+01    7.3285696826e+01    1.2322548814e-22    6.3999999992e+01    5.4714304069e+01    2.3766595618e-22
 190.0000000    6.4000000023e+01    7.3285525704e+01    1.2322548814e-22    6.3999999984e+01    5.4714475227e+01    2.3766595618e-22
 190.5000000    6.4000000028e+01    7.3285354927e+01    1.2322548814e-22    6.3999999942e+01    5.4714646002e+01    2.3766595618e-22
 191.0000000    6.3999999981e+01    7.3285183654e+01    1.2322548814e-22    6.3999999886e+01    5.4714817187e+01    2.3766595618e-22
 191.5000000    6.3999999903e+01    7.3285010085e+01    1.2322548814e-22    6.3999999850e+01    5.4714990570e+01    2.3766595618e-22
 192.0000000    6.3999999843e+01    7.3284832130e+01    1.2322548814e-22    6.3999999860e+01    5.4715168281e+01    2.3766595618e-22
 192.5000000    6.3999999845e+01    7.3284648474e+01    1.2322548814e-22    6.3999999918e+01    5.4715351724e+01    2.3766595618e-22
 193.0000000    6.3999999920e+01    7.3284459666e+01    1.2322548814e-22    6.3999999993e+01    5.4715540456e+01    2.3766595618e-22
 193.5000000    6.4000000032e+01    7.3284268656e+01    1.2322548814e-22    6.4000000044e+01    5.4715731598e+01    2.3766595618e-22
 194.0000000    6.4000000121e+01    7.3284080269e+01    1.2322548814e-22    6.4000000043e+01    5.4715920315e+01    2.3766595618e-22
 194.5000000    6.4000000140e+01    7.3283899568e+01    1.2322548814e-22    6.3999999997e+01    5.4716101449e+01    2.3766590569e-22
 195.0000000    6.4000000080e+01    7.3283729790e+01    1.2322548814e-22    6.3999999936e+01    5.4716271610e+01    2.3766590569e-22
 195.5000000    6.3999999976e+01    7.3283570939e+01    1.2322548814e-22    6.3999999892e+01    5.4716430642e+01    2.3766590569e-22
 196.0000000    6.3999999879e+01    7.3283419813e+01    1.2322548814e-22    6.3999999881e+01    5.4716581661e+01    2.3766590569e-22
 196.5000000    6.3999999832e+01    7.3283271429e+01    1.2322548814e-22    6.3999999892e+01    5.4716729700e+01    2.3766590569e-22
 197.0000000    6.3999999845e+01    7.3283121057e+01    1.2322548814e-22    6.3999999903e+01    5.4716879692e+01    2.3766590569e-22
 197.5000000    6.3999999900e+01    7.3282965904e+01    1.2322548814e-22    6.3999999902e+01    5.4717034715e+01    2.3766590569e-22
 198.0000000    6.3999999971e+01    7.3282805861e+01    1.2322548814e-22    6.3999999896e+01    5.4717195081e+01    2.3766582996e-22
 198.5000000    6.4000000036e+01    7.3282643236e+01    1.2322548814e-22    6.3999999907e+01    5.4717358434e+01    2.3766582996e-22
 199.0000000    6.4000000088e+01    7.3282481724e+01    1.2322548814e-22    6.3999999952e+01    5.4717520740e+01    2.3766582996e-22
 199.5000000    6.4000000124e+01    7.3282324935e+01    1.2322556545e-22    6.4000000024e+01    5.4717677930e+01    2.3766572898e-22
 200.0000000    6.4000000135e+01    7.3282174854e+01    1.2322564275e-22    6.4000000092e+01    5.4717827723e+01    2.3766562801e-22
