#       time         integral Re         integral Im         integral Re         integral Im
#       r =            32.000000           32.000000           64.000000           64.000000
   0.0000000    7.0179744754e-05   -5.9441549512e-22   -2.5352924821e-06    4.7677030816e-24
   0.2500000    6.9560423559e-05    5.8710763394e-22    4.3909543235e-06   -4.5647291413e-24
   0.5000000    6.8946408984e-05   -2.0560054226e-22    8.6475715714e-06    2.4379228891e-23
   0.7500000    6.8337859718e-05   -1.5111831260e-22    1.0342575804e-05    5.5775701601e-23
   1.0000000    6.7734940317e-05    1.5587509928e-22    1.0002162831e-05    3.9068523281e-23
   1.2500000    6.7137821374e-05   -1.6329414692e-22    8.3221357096e-06    2.5608399589e-23
   1.5000000    6.6546679697e-05    1.0767098235e-22    5.9727955669e-06   -1.6667344894e-23
   1.7500000    6.5961698479e-05   -6.5469431388e-22    3.4817625636e-06    1.3156675981e-23
   2.0000000    6.5383067669e-05   -8.9814844201e-22    1.1912087095e-06   -6.3831798313e-24
   2.2500000    6.4810984082e-05   -1.2185095989e-22   -7.3000251655e-07   -2.0046968166e-23
   2.5000000    6.4245651655e-05   -6.6379590721e-22   -2.2432887148e-06   -4.2433656505e-23
   2.7500000    6.3687281678e-05   -2.8860004862e-22   -3.3874360424e-06   -8.6938407806e-23
   3.0000000    6.3136093094e-05    2.1655249558e-22   -4.2310392999e-06   -8.0609567329e-23
   3.2500000    6.2592312738e-05   -2.0158839561e-22   -4.8392335183e-06   -3.5001182246e-23
   3.5000000    6.2056175581e-05   -4.3430226594e-22   -5.2574221958e-06   -1.9578115161e-23
   3.7500000    6.1527925039e-05   -1.1440449859e-23   -5.5095434765e-06   -2.4875650770e-23
   4.0000000    6.1007813288e-05   -8.8251668375e-23   -5.6054702279e-06    4.6584087464e-23
   4.2500000    6.0496101489e-05   -3.8570988464e-22   -5.5516014636e-06    1.3634777031e-22
   4.5000000    5.9993060208e-05   -1.2622847686e-23   -5.3598599831e-06    1.6017742632e-22
   4.7500000    5.9498969640e-05    3.1861138684e-22   -5.0523269019e-06    2.3110075433e-22
   5.0000000    5.9014119910e-05   -1.8269008315e-22   -4.6609648541e-06    1.8346318055e-22
   5.2500000    5.8538811438e-05    2.9538213016e-22   -4.2237095550e-06    2.3863052317e-22
   5.5000000    5.8073355584e-05    3.3591470154e-22   -3.7791336257e-06    2.8428175333e-22
   5.7500000    5.7618074703e-05   -2.4613724169e-22   -3.3617679546e-06    3.4700255225e-22
   6.0000000    5.7173302078e-05   -1.2946434576e-22   -2.9993191617e-06    3.8081244645e-22
   6.2500000    5.6739382512e-05   -5.6482796995e-23   -2.7119704740e-06    4.3907404785e-22
   6.5000000    5.6316673111e-05   -4.7577289884e-22   -2.5131323813e-06    4.8797315057e-22
   6.7500000    5.5905543031e-05   -2.2828212728e-22   -2.4106472737e-06    4.7858094159e-22
   7.0000000    5.5506375160e-05    8.5581404738e-22   -2.4075779221e-06    5.0815922849e-22
   7.2500000    5.5119572012e-05   -4.0129102029e-22   -2.5021880595e-06    3.7089227065e-22
   7.5000000    5.4745555705e-05    2.7120502476e-23   -2.6873058665e-06    2.7231065883e-22
   7.7500000    5.4384749562e-05   -3.2365630768e-22   -2.9496800445e-06    1.3098048149e-22
   8.0000000    5.4037557733e-05    2.3197903829e-22   -3.2700249141e-06   -5.2684150890e-23
   8.2500000    5.3704384354e-05    2.2774006239e-22   -3.6241992172e-06   -1.0209288909e-22
   8.5000000    5.3385698722e-05   -3.4321487085e-22   -3.9855155007e-06   -1.1699852735e-22
   8.7500000    5.3082081590e-05    2.5808988206e-22   -4.3277393140e-06   -1.8037878623e-22
   9.0000000    5.2794173361e-05    6.5084458049e-23   -4.6280847794e-06   -1.3416627234e-22
   9.2500000    5.2522533132e-05   -1.9147083165e-22   -4.8695264230e-06   -1.0706637902e-22
   9.5000000    5.2267527493e-05    2.3132533255e-22   -5.0419909065e-06   -7.4533221693e-23
   9.7500000    5.2029391969e-05   -1.4451252291e-22   -5.1423501155e-06    9.5381870540e-24
  10.0000000    5.1808488052e-05   -2.3997307159e-22   -5.1734649902e-06    1.7184425535e-23
  10.2500000    5.1605571170e-05   -1.4323331108e-22   -5.1427190900e-06   -3.3342250401e-23
  10.5000000    5.1421777420e-05    4.1660094514e-22   -5.0604930741e-06   -8.0878755442e-23
  10.7500000    5.1258231413e-05    1.9401516506e-22   -4.9388943721e-06   -1.5650266951e-22
  11.0000000    5.1115582250e-05    1.9498020671e-22   -4.7908465335e-06   -2.9752894452e-22
  11.2500000    5.0993945516e-05    7.2610979280e-22   -4.6294506909e-06   -5.2621809466e-22
  11.5000000    5.0893373440e-05    3.0316187901e-22   -4.4674275505e-06   -6.4411816061e-22
  11.7500000    5.0814428592e-05    3.7387662554e-22   -4.3164627370e-06   -8.3921246056e-22
  12.0000000    5.0758292449e-05    5.1231184621e-22   -4.1863910525e-06   -1.0256314828e-21
  12.2500000    5.0726214345e-05    3.5641101819e-22   -4.0843100058e-06   -1.0771750412e-21
  12.5000000    5.0718674285e-05    1.0442781767e-22   -4.0138378886e-06   -1.1473223756e-21
  12.7500000    5.0735188071e-05    1.8562987597e-22   -3.9747711961e-06   -1.2110100758e-21
  13.0000000    5.0775820993e-05    2.5443357419e-22   -3.9633301721e-06   -1.1405285857e-21
  13.2500000    5.0843992623e-05    1.6064396825e-22   -3.9730323857e-06   -1.0529824745e-21
  13.5000000    5.0946743630e-05    1.3091922829e-23   -3.9960541910e-06   -8.2152353773e-22
  13.7500000    5.1087473668e-05    6.3656500926e-22   -4.0247899557e-06   -5.8926525206e-22
  14.0000000    5.1254238002e-05    1.5948646540e-22   -4.0532478522e-06   -4.0771964603e-22
  14.2500000    5.1421341759e-05    3.1080780780e-22   -4.0779523066e-06   -1.7303793814e-23
  14.5000000    5.1581015655e-05    4.4646789497e-22   -4.0981504988e-06    2.5487285524e-22
  14.7500000    5.1784961629e-05   -5.8946291259e-23   -4.1153072884e-06    4.9930067752e-22
  15.0000000    5.2130617071e-05    3.0818963683e-23   -4.1320658601e-06    7.7229915114e-22
  15.2500000    5.2651389782e-05    1.4145848980e-22   -4.1509940710e-06    9.2233099820e-22
  15.5000000    5.3193433677e-05    9.3396115317e-23   -4.1734885173e-06    1.0039475009e-21
  15.7500000    5.3466957323e-05    2.1049988696e-22   -4.1991570974e-06    1.0405045193e-21
  16.0000000    5.3358015312e-05   -5.6817998466e-23   -4.2258620348e-06    9.7750154625e-22
  16.2500000    5.3259705480e-05   -1.5407952498e-22   -4.2504185801e-06    8.4557160645e-22
  16.5000000    5.3941026722e-05   -4.6224985375e-22   -4.2697601904e-06    6.7503125418e-22
  16.7500000    5.5752238195e-05    2.2174396344e-22   -4.2822481001e-06    4.9663974983e-22
  17.0000000    5.7785050662e-05    2.4050261237e-22   -4.2887557237e-06    2.5799081020e-22
  17.2500000    5.8178786876e-05   -1.0478521447e-21   -4.2932061339e-06    3.4466677209e-23
  17.5000000    5.6012013583e-05   -1.4537699215e-21   -4.3023685843e-06   -2.1786683318e-22
  17.7500000    5.3232929618e-05   -5.0027879082e-22   -4.3248949669e-06   -2.8948880354e-22
  18.0000000    5.3944568894e-05    1.0805918945e-21   -4.3697580867e-06   -4.9933584311e-22
  18.2500000    6.0357053533e-05    1.0229613641e-21   -4.4444001849e-06   -5.1081616384e-22
  18.5000000    6.8895611820e-05   -2.3137593633e-21   -4.5529791555e-06   -5.0584293948e-22
  18.7500000    7.1590227009e-05   -4.7945221082e-21   -4.6950925107e-06   -5.7224326788e-22
  19.0000000    6.3457756208e-05   -1.9860166234e-21   -4.8652657673e-06   -4.3738192222e-22
  19.2500000    4.9407908505e-05    4.4219527416e-21   -5.0533354889e-06   -4.5355563256e-22
  19.5000000    4.2480653511e-05    8.2210528355e-21   -5.2456743507e-06   -3.3708325200e-22
  19.7500000    5.2776485019e-05    3.3520288923e-21   -5.4270380504e-06   -2.7434424527e-22
  20.0000000    7.6618149530e-05   -9.4407695173e-21   -5.5826958255e-06   -1.9503140685e-22
  20.2500000    9.7135516838e-05   -1.7021720228e-20   -5.7004598841e-06   -1.4923648574e-22
  20.5000000    9.7467367678e-05   -1.1246095188e-20   -5.7722598697e-06   -8.0753099396e-23
  20.7500000    7.5527966408e-05    3.7136325929e-21   -5.7950078714e-06   -4.2911201550e-23
  21.0000000    4.7174607994e-05    1.3424842387e-20   -5.7706451701e-06    8.1999671200e-23
  21.2500000    3.4750741279e-05    4.9529869489e-21   -5.7054220146e-06   -1.1813125157e-23
  21.5000000    5.0314951965e-05   -8.4952969964e-21   -5.6086018635e-06    3.0253244231e-24
  21.7500000    8.6355374097e-05   -1.4584271960e-20   -5.4908723418e-06    1.4928183909e-22
  22.0000000    1.2012345444e-04   -3.0980518734e-21   -5.3627719436e-06    1.8976604716e-22
  22.2500000    1.2821263169e-04    1.3374197455e-20   -5.2334033703e-06    1.2385486714e-22
  22.5000000    1.0239326050e-04    2.3713094620e-20   -5.1096165090e-06    2.0798355520e-22
  22.7500000    5.7604671368e-05    1.6600724289e-20   -4.9957281392e-06    1.6467988023e-22
  23.0000000    2.5652104652e-05   -2.7013412732e-21   -4.8937286228e-06    1.0932856059e-22
  23.2500000    3.4849944593e-05   -2.7126473522e-20   -4.8038318343e-06    5.8509706918e-23
  23.5000000    8.6617916121e-05   -4.8369291023e-20   -4.7251723046e-06    7.4962331276e-23
  23.7500000    1.4789276929e-04   -6.0457697148e-20   -4.6564510262e-06    4.9988539178e-23
  24.0000000    1.7130972085e-04   -4.6512560676e-20   -4.5963751021e-06   -2.5452537033e-23
  24.2500000    1.3305464623e-04   -6.7601147809e-21   -4.5438128691e-06   -8.0573433460e-23
  24.5000000    5.8676105096e-05    3.9774824982e-20   -4.4976742754e-06   -2.1798756173e-22
  24.7500000    9.9881144131e-06    6.0960551407e-20   -4.4566044270e-06   -1.5950438315e-22
  25.0000000    3.6703588803e-05    4.0036823810e-20   -4.4186285777e-06   -3.8276078261e-22
  25.2500000    1.3128370282e-04   -2.0479491419e-20   -4.3808985400e-06   -4.1800094830e-22
  25.5000000    2.2822754623e-04   -5.2460255325e-20   -4.3396626032e-06   -5.1584193933e-22
  25.7500000    2.5271117715e-04   -2.4561265053e-20   -4.2905216966e-06   -4.9096103565e-22
  26.0000000    1.8012970601e-04    2.5027820652e-20   -4.2289592369e-06   -5.9105833877e-22
  26.2500000    5.6859114700e-05    5.4509879727e-20   -4.1510596186e-06   -5.3098456612e-22
  26.5000000   -3.4399374717e-05    7.8548981057e-21   -4.0542782372e-06   -6.1497804104e-22
  26.7500000   -3.4992283085e-05   -9.0571846031e-20   -3.9381055769e-06   -5.2943912510e-22
  27.0000000    5.2298549592e-05   -1.4911422836e-19   -3.8044812194e-06   -3.4492915035e-22
  27.2500000    1.7406929297e-04   -1.1414748621e-19   -3.6578561785e-06   -3.1638376330e-22
  27.5000000    2.6885097028e-04    6.6057730213e-21   -3.5048628893e-06   -5.5505367209e-23
  27.7500000    3.0324029147e-04    1.4710576608e-19   -3.3536208803e-06   -6.1328653452e-23
  28.0000000    2.7738092093e-04    1.8403795228e-19   -3.2127713851e-06    1.5972112502e-23
  28.2500000    2.0726621484e-04    1.1133480372e-19   -3.0903859012e-06    1.5133618068e-22
  28.5000000    1.0941255435e-04   -1.0422792274e-20   -2.9929230703e-06    2.8203601782e-22
  28.7500000    3.3995613332e-06   -9.4278601766e-20   -2.9244071961e-06    3.2742630696e-22
  29.0000000   -7.6988160376e-05   -8.9845492499e-20   -2.8859680774e-06    4.3090195412e-22
  29.2500000   -8.6798721863e-05    1.9808065949e-20   -2.8758197985e-06    3.8434277163e-22
  29.5000000    2.6585782751e-06    1.4337431734e-19   -2.8896782465e-06    4.0478726426e-22
  29.7500000    1.6955194299e-04    2.0330441123e-19   -2.9215400522e-06    3.5482564273e-22
  30.0000000    3.3332160381e-04    1.2299507796e-19   -2.9646850669e-06    3.1722771611e-22
  30.2500000    3.9057445500e-04   -3.7479385733e-21   -3.0127309528e-06    2.0657021452e-22
  30.5000000    2.7801421590e-04   -1.0670540550e-19   -3.0605640555e-06    1.5758877352e-22
  30.7500000    2.1097352761e-05   -6.4039942439e-20   -3.1049943631e-06    6.5057933194e-23
  31.0000000   -2.6643566883e-04    8.1825401212e-20   -3.1450297466e-06    2.4883049394e-23
  31.2500000   -4.3721451505e-04    2.3895706894e-19   -3.1817307564e-06   -3.5175408097e-24
  31.5000000   -3.8979411459e-04    2.9217802481e-19   -3.2176824221e-06    5.9248871016e-23
  31.7500000   -1.2749603727e-04    2.2611151918e-19   -3.2561880959e-06    8.4148945951e-23
  32.0000000    2.3582882228e-04    4.0793249304e-20   -3.3003326931e-06   -1.3928684006e-23
  32.2500000    5.2541188490e-04   -1.0123606478e-19   -3.4983482853e-06   -1.1399142896e-22
  32.5000000    5.8669599437e-04   -1.9859958638e-19   -3.4337696818e-06   -1.1288118832e-22
  32.7500000    3.6127134239e-04   -1.9410118839e-19   -3.4047811120e-06   -5.2894020396e-23
  33.0000000   -7.8987321025e-05   -1.5626534558e-19   -3.4140862706e-06   -5.4720605536e-23
  33.2500000   -5.6079195088e-04   -1.0003800848e-19   -3.4516470227e-06   -1.4920848911e-23
  33.5000000   -8.9091294213e-04   -1.0820134721e-19   -3.4986828880e-06   -5.6441904112e-23
  33.7500000   -9.4700102833e-04   -1.5452630712e-19   -3.5327551587e-06    7.7591969137e-25
  34.0000000   -7.2723545109e-04   -2.2981418554e-19   -3.5327768698e-06   -1.1833505461e-22
  34.2500000   -3.3664545457e-04   -2.4523342383e-19   -3.4828407630e-06   -1.2570876611e-23
  34.5000000    7.1477325930e-05   -2.5728390433e-19   -3.3740712454e-06   -5.7481688926e-23
  34.7500000    3.5932293728e-04   -1.4297340935e-19   -3.2042184666e-06   -6.2600328866e-23
  35.0000000    4.4394589911e-04    6.5947815687e-21   -2.9754634939e-06   -1.0106684978e-22
  35.2500000    3.0828168452e-04    1.9550286074e-19   -2.6917463293e-06   -6.2036796642e-23
  35.5000000   -3.8339607846e-06    2.8878167900e-19   -2.3573629897e-06   -9.0558581445e-23
  35.7500000   -3.9930205198e-04    2.4501004292e-19   -1.9780137549e-06   -6.5737814592e-23
  36.0000000   -7.5684290168e-04    1.2129683396e-19   -1.5638073562e-06   -1.1563265361e-22
  36.2500000   -9.6322837311e-04   -1.7689737027e-19   -1.1317041826e-06   -1.0134525415e-22
  36.5000000   -9.5739673545e-04   -3.8349617225e-19   -7.0396306481e-07   -8.3656929485e-23
  36.7500000   -7.5924987965e-04   -4.6700361039e-19   -3.0063153653e-07   -3.0902472174e-22
  37.0000000   -4.6053883960e-04   -3.7620503825e-19    7.1865817184e-08   -3.3382779244e-22
  37.2500000   -1.7763706619e-04   -5.7388668224e-20    4.2899834340e-07   -4.1796766438e-22
  37.5000000    6.2865319926e-06    3.2955793146e-19    8.0342837070e-07   -2.3752131163e-22
  37.7500000    7.3386094177e-05    6.7240710717e-19    1.2208058436e-06    2.1126698078e-23
  38.0000000    6.0029901955e-05    8.1524172902e-19    1.6614269288e-06    4.0283007747e-22
  38.2500000    1.6119099877e-05    7.0491115036e-19    2.0311454181e-06    4.3864031769e-22
  38.5000000   -3.2810863501e-05    3.5736225923e-19    2.1781233450e-06    1.4474438695e-22
  38.7500000   -9.5038357946e-05   -7.1314183750e-20    1.9826056014e-06   -5.6603920581e-22
  39.0000000   -1.9195574605e-04   -4.9272075617e-19    1.5021033525e-06   -1.4472418596e-21
  39.2500000   -3.2705178759e-04   -6.5085824343e-19    1.0857272287e-06   -1.9195688540e-21
  39.5000000   -4.6890223812e-04   -5.5953103414e-19    1.3260282991e-06   -1.3536935080e-21
  39.7500000   -5.6000465543e-04   -3.3213766406e-19    2.7589062977e-06    2.6281626652e-22
  40.0000000   -5.4527788467e-04   -5.3783152451e-20    5.3806162388e-06    2.6572003306e-21
  40.2500000   -4.0284520503e-04    1.2603268123e-19    8.2621344382e-06    4.3279215432e-21
  40.5000000   -1.6021907144e-04    1.6543234651e-19    9.6468587885e-06    3.5098624694e-21
  40.7500000    1.1207722177e-04    9.6882996182e-20    7.7550369306e-06    4.6353892776e-23
  41.0000000    3.2655399753e-04   -1.1691066836e-20    2.0700583983e-06   -5.1025333186e-21
  41.2500000    4.1353983118e-04   -4.3186222781e-20   -5.6265058926e-06   -9.1990163693e-21
  41.5000000    3.5045038250e-04    4.2427858251e-20   -1.1378028493e-05   -8.8914944512e-21
  41.7500000    1.7300353698e-04    2.1611064187e-19   -1.0778851285e-05   -6.5909974267e-21
  42.0000000   -3.7614215262e-05    4.1533517015e-19   -1.7395738828e-06   -4.5203520505e-22
  42.2500000   -1.8776356160e-04    5.4393868668e-19    1.3257334082e-05    5.6742108383e-21
  42.5000000   -2.1116367262e-04    5.0387910293e-19    2.7155395427e-05    7.2568187349e-21
  42.7500000   -9.7783961888e-05    2.5873327965e-19    3.1304435982e-05    9.1493019409e-21
  43.0000000    1.0188233076e-04   -1.3863450736e-19    2.0304133911e-05    5.3376044557e-21
  43.2500000    2.9969220180e-04   -6.1282673507e-19   -3.9721895782e-06    3.6391889588e-21
  43.5000000    4.0957407347e-04   -9.7604379079e-19   -3.1928811432e-05    6.3884415394e-21
  43.7500000    3.8597761938e-04   -1.0752506478e-18   -5.0311074950e-05    1.0690804082e-20
  44.0000000    2.4397795471e-04   -8.4906828620e-19   -4.8906385881e-05    1.7775186244e-20
  44.2500000    5.2849902674e-05   -2.8541526652e-19   -2.6009862446e-05    1.9161016964e-20
  44.5000000   -9.3164605182e-05    4.3955385793e-19    1.0842512586e-05    2.1299257732e-20
  44.7500000   -1.1388893882e-04    1.0848119483e-18    4.9512532216e-05    1.2858915002e-20
  45.0000000    2.3996876710e-05    1.4150190932e-18    8.0255398930e-05   -8.7478703659e-22
  45.2500000    2.9282943189e-04    1.2742976450e-18    1.0016093403e-04   -1.4491904413e-20
  45.5000000    6.1295953960e-04    6.4970985181e-19    1.1161758453e-04   -2.7212883520e-20
  45.7500000    8.8056421713e-04   -2.6046548853e-19    1.1569712879e-04   -5.4360218385e-20
  46.0000000    1.0036366071e-03   -1.1246599875e-18    1.0565381256e-04   -7.9360329673e-20
  46.2500000    9.3352204920e-04   -1.6604803331e-18    6.6827655536e-05   -9.7584140060e-20
  46.5000000    6.8180285878e-04   -1.6538613934e-18   -1.4383936181e-05   -1.0449673362e-19
  46.7500000    3.1776166241e-04   -1.0559466985e-18   -1.3633483849e-04   -9.7433951515e-20
  47.0000000   -5.2095324383e-05   -5.8395816655e-20   -2.7184000647e-04   -6.9332661599e-20
  47.2500000   -3.1585508287e-04    1.0485484469e-18   -3.7095287788e-04    1.8108533263e-20
  47.5000000   -3.8992319695e-04    1.8519967060e-18   -3.7952141156e-04    1.1167792613e-19
  47.7500000   -2.4499194602e-04    2.1729126062e-18   -2.6648211350e-04    2.3141324547e-19
  48.0000000    8.3290867973e-05    1.8249523000e-18   -4.5701406175e-05    3.0400657175e-19
  48.2500000    5.0252692429e-04    1.0064853106e-18    2.2124799699e-04    3.2292792281e-19
  48.5000000    8.8914870937e-04   -7.8947755776e-20    4.4616981158e-04    2.5316280110e-19
  48.7500000    1.1247557741e-03   -1.1134391125e-18    5.5120707839e-04    1.0798563314e-19
  49.0000000    1.1327760676e-03   -1.8439551107e-18    5.0412348572e-04   -7.6351020212e-20
  49.2500000    9.0392927569e-04   -2.1029929022e-18    3.3368816756e-04   -2.8833796850e-19
  49.5000000    5.0147489337e-04   -1.7905939718e-18    1.1624731641e-04   -4.3646629182e-19
  49.7500000    4.3128148933e-05   -1.0753324758e-18   -6.0633927365e-05   -4.9058064498e-19
  50.0000000   -3.3573113098e-04   -1.0834971420e-19   -1.3927281132e-04   -4.1312151306e-19
  50.2500000   -5.2595727689e-04    8.1820070372e-19   -1.1670721808e-04   -2.2811723669e-19
  50.5000000   -4.8063948842e-04    1.4957065518e-18   -4.0655538956e-05    5.5994835665e-21
  50.7500000   -2.3016887057e-04    1.7075202015e-18    2.0613847388e-05    2.3331368052e-19
  51.0000000    1.2950589482e-04    1.4541072959e-18    1.7682809371e-05    3.8817607062e-19
  51.2500000    4.7141026015e-04    7.6551002863e-19   -5.2971177229e-05    4.3558617884e-19
  51.5000000    6.8209599069e-04   -1.1021892426e-19   -1.4869364573e-04    3.8449912148e-19
  51.7500000    6.9958420798e-04   -8.9597596036e-19   -2.0640274030e-04    2.6621347779e-19
  52.0000000    5.3087849982e-04   -1.3419865677e-18   -1.7918281231e-04    1.0166691015e-19
  52.2500000    2.4360777313e-04   -1.3275100519e-18   -6.3000625826e-05   -4.1418681307e-20
  52.5000000   -6.3286355505e-05   -8.3095980353e-19    1.0082105524e-04   -1.5251389489e-19
  52.7500000   -2.9703723097e-04   -1.0382371813e-19    2.4759913016e-04   -2.3350347985e-19
  53.0000000   -4.0180962720e-04    5.9301366392e-19    3.2220408398e-04   -2.6010122068e-19
  53.2500000   -3.7198452480e-04    1.0276656560e-18    3.0427747700e-04   -2.6548172550e-19
  53.5000000   -2.4539792460e-04    1.0657868438e-18    2.1293785222e-04   -2.4498661410e-19
  53.7500000   -8.2225448472e-05    6.9558761224e-19    9.1093455093e-05   -2.0935207759e-19
  54.0000000    6.0001257868e-05    8.6816737393e-20   -1.9078903792e-05   -1.3966663495e-19
  54.2500000    1.4504713623e-04   -4.6439957738e-19   -9.4572910018e-05   -3.3318396820e-20
  54.5000000    1.6457892711e-04   -8.0010882885e-19   -1.3487379980e-04    9.5663199410e-20
  54.7500000    1.3303829195e-04   -8.0429417244e-19   -1.5171520416e-04    2.1939309680e-19
  55.0000000    7.5759360511e-05   -5.5029429565e-19   -1.5482506390e-04    3.2213458901e-19
  55.2500000    1.6815103064e-05   -1.1963323854e-19   -1.4429159617e-04    3.7354927601e-19
  55.5000000   -2.8568006239e-05    2.7728158536e-19   -1.1425746927e-04    3.5759154475e-19
  55.7500000   -5.5521187179e-05    4.8474223956e-19   -6.3917513952e-05    2.5367089766e-19
  56.0000000   -6.6540299181e-05    5.0065579537e-19   -6.3316192767e-06    8.4387305294e-20
  56.2500000   -6.6997366597e-05    3.3685172911e-19    3.3219343379e-05   -1.0247825156e-19
  56.5000000   -6.1728283458e-05    1.0738569415e-19    3.0533358811e-05   -2.3116441992e-19
  56.7500000   -5.3727383269e-05   -9.2240779438e-20   -1.9788478285e-05   -3.0637056961e-19
  57.0000000   -4.4478617311e-05   -2.0620974783e-19   -9.3770152274e-05   -2.4157344277e-19
  57.2500000   -3.4794470815e-05   -1.9954816624e-19   -1.4345906621e-04   -1.1893317927e-19
  57.5000000   -2.5309071738e-05   -1.0657391335e-19   -1.1828924417e-04    7.3816102342e-21
  57.7500000   -1.6486880887e-05   -1.8778121634e-21    7.5426108245e-06    1.0889012998e-19
  58.0000000   -8.5328887821e-06    7.6314946354e-20    2.1663887668e-04    1.1104581419e-19
  58.2500000   -1.5941205587e-06    9.7175342172e-20    4.5036305561e-04    3.6829901059e-20
  58.5000000    3.7541963936e-06    7.4232109472e-20    6.3206825696e-04   -6.5045511311e-20
  58.7500000    6.1437884365e-06    1.7133822295e-20    7.0067380653e-04   -1.7082196867e-19
  59.0000000    3.6297696604e-06   -3.6415011461e-20    6.3764920221e-04   -1.9494552146e-19
  59.2500000   -5.3999225193e-06   -6.7222821696e-20    4.7378215237e-04   -1.3744137712e-19
  59.5000000   -2.1013527871e-05   -7.1021478164e-20    2.7288776335e-04   -2.6835241744e-20
  59.7500000   -4.0916328795e-05   -5.2083249479e-20    1.0163723857e-04    1.1780926731e-19
  60.0000000   -6.0601879072e-05   -2.2908002488e-20    1.0890281532e-06    2.1777917136e-19
  60.2500000   -7.4577838333e-05    4.4844084821e-21   -2.6735010701e-05    2.3937902363e-19
  60.5000000   -7.8213312641e-05    2.2007230064e-20   -1.2857957954e-05    2.0589875927e-19
  60.7500000   -6.9426022331e-05    3.1244760820e-20   -1.4995191953e-06    9.2669301023e-20
  61.0000000   -4.9493078230e-05    2.8994621194e-20   -2.7373904338e-05   -4.3838305519e-20
  61.2500000   -2.2671878951e-05    2.0561292453e-20   -1.0027229464e-04   -1.3623411636e-19
  61.5000000    5.1646783901e-06    7.9206250099e-21   -2.0184181944e-04   -2.0970412101e-19
  61.7500000    2.8294206035e-05   -4.2795883842e-21   -2.9363365523e-04   -2.1865352986e-19
  62.0000000    4.2638802708e-05   -1.0597497220e-20   -3.3190652018e-04   -2.2537014824e-19
  62.2500000    4.6515689182e-05   -1.2665662615e-20   -2.8381667722e-04   -1.6187486221e-19
  62.5000000    4.0536935892e-05   -7.6201536624e-21   -1.4023205649e-04   -1.2438802218e-19
  62.7500000    2.6897078032e-05    2.3861518177e-21    7.8567551992e-05   -6.7507954397e-20
  63.0000000    8.4714130810e-06    1.4964889180e-20    3.2652347694e-04    1.6790147137e-20
  63.2500000   -1.1884467794e-05    2.5703817726e-20    5.4439344515e-04    4.9633672967e-20
  63.5000000   -3.1643230992e-05    3.0115814482e-20    6.7763456791e-04    9.4251254062e-20
  63.7500000   -4.8581899865e-05    2.3297271392e-20    6.9328032698e-04    1.1693658225e-19
  64.0000000   -6.0659118647e-05    9.6691765111e-21    5.8926222775e-04    1.5606335482e-19
  64.2500000   -6.6047411783e-05   -1.2624776042e-20    3.8281011570e-04    1.5585515616e-19
  64.5000000   -6.3442660198e-05   -3.4058921605e-20    1.4118906598e-04    1.2943996388e-19
  64.7500000   -5.2567126212e-05   -5.0286585496e-20   -1.0030040725e-04    1.3930931396e-19
  65.0000000   -3.4615683675e-05   -5.5882431240e-20   -3.0906494167e-04    6.3080445152e-20
  65.2500000   -1.2358881488e-05   -4.7728016402e-20   -4.7324263442e-04    1.9342846172e-21
  65.5000000    1.0266293801e-05   -2.3961051472e-20   -5.9632721317e-04   -1.8026094695e-20
  65.7500000    2.9031718898e-05    4.6439975423e-21   -6.8627578143e-04   -6.8706722600e-20
  66.0000000    4.0501318005e-05    3.4932241973e-20   -7.4589053275e-04   -1.1366437285e-19
  66.2500000    4.2953494895e-05    5.7555276297e-20   -7.6928492911e-04   -1.1870018223e-19
  66.5000000    3.6816369834e-05    6.6949160193e-20   -7.4536797225e-04   -1.0329716500e-19
  66.7500000    2.4466266299e-05    5.8625472718e-20   -6.6570951995e-04   -7.6340369889e-20
  67.0000000    9.4715086058e-06    3.8669827783e-20   -5.3241820790e-04   -7.3340300918e-20
  67.2500000   -4.4530899008e-06    9.4071482709e-21   -3.6211937173e-04   -7.2454601316e-20
  67.5000000   -1.4451556674e-05   -1.7538148304e-20   -1.8418891854e-04   -5.8476281249e-20
  67.7500000   -1.9219833059e-05   -3.9947136720e-20   -3.3930054403e-05   -5.0978618913e-20
  68.0000000   -1.9236977003e-05   -4.9554871846e-20    5.6707045440e-05   -6.9742563662e-20
  68.2500000   -1.6505396209e-05   -4.8524046475e-20    6.7582765506e-05   -8.7832047231e-20
  68.5000000   -1.3859909085e-05   -3.4775921801e-20   -4.6555632490e-06   -8.6189281883e-20
  68.7500000   -1.3979786481e-05   -1.7037923450e-20   -1.4627300532e-04   -7.2940080807e-20
  69.0000000   -1.8326361988e-05    2.6492882498e-22   -3.3040712679e-04   -2.4763294891e-20
  69.2500000   -2.6322547153e-05    1.3606600857e-20   -5.2373612797e-04    3.3196616715e-20
  69.5000000   -3.5126275245e-05    2.3929301145e-20   -6.9390709109e-04    1.2527174102e-19
  69.7500000   -4.0247028445e-05    2.8164478806e-20   -8.1601534087e-04    2.2498482411e-19
  70.0000000   -3.6985557329e-05    2.2371658660e-20   -8.7698306589e-04    2.8947607689e-19
  70.2500000   -2.2316023604e-05    1.5352866372e-20   -8.7721680254e-04    3.5557744320e-19
  70.5000000    3.4611401860e-06    5.4104502540e-21   -8.2933381169e-04    3.5944984056e-19
  70.7500000    3.6017420508e-05   -5.0692374435e-21   -7.5414178056e-04    3.6136338417e-19
  71.0000000    6.7696786184e-05   -1.3601072318e-20   -6.7460465593e-04    2.5506694184e-19
  71.2500000    8.9554392018e-05   -1.8243410249e-20   -6.0921521359e-04    1.5123843325e-19
  71.5000000    9.4120651529e-05   -1.8967516402e-20   -5.6669573184e-04   -5.3888038098e-21
  71.7500000    7.7944173014e-05   -1.1272681679e-20   -5.4388477703e-04   -1.9360474045e-19
  72.0000000    4.3002545608e-05   -8.6797095651e-22   -5.2774944296e-04   -3.9621790106e-19
  72.2500000   -3.5414567123e-06    1.1282943206e-20   -5.0093590836e-04   -5.3315502371e-19
  72.5000000   -5.1186161253e-05    1.8075957873e-20   -4.4881141358e-04   -5.9660331887e-19
  72.7500000   -8.8952609176e-05    2.4178398832e-20   -3.6526700336e-04   -5.9686729288e-19
  73.0000000   -1.0836196120e-04    2.1374831705e-20   -2.5505735174e-04   -5.6981389212e-19
  73.2500000   -1.0562365269e-04    1.6376884467e-20   -1.3195673131e-04   -4.0066328276e-19
  73.5000000   -8.2409626491e-05    4.4742296268e-21   -1.3780373709e-05   -2.0479475254e-19
  73.7500000   -4.5054085977e-05   -7.3817791735e-21    8.3483808604e-05    6.6284828341e-20
  74.0000000   -2.5164475079e-06   -1.5973077348e-20    1.5010231875e-04    3.2710314809e-19
  74.2500000    3.6182422308e-05   -2.1268810414e-20    1.8418865315e-04    5.5350048811e-19
  74.5000000    6.4220473857e-05   -2.5316874005e-20    1.9047128314e-04    7.3830909656e-19
  74.7500000    7.8277288313e-05   -2.3690911570e-20    1.7738341394e-04    8.3502534145e-19
  75.0000000    7.8626420495e-05   -1.7707746179e-20    1.5401868100e-04    8.7828366338e-19
  75.2500000    6.8217737133e-05   -1.2666267753e-20    1.2811772775e-04    8.1513596457e-19
  75.5000000    5.1260937512e-05   -1.3137179091e-21    1.0542894844e-04    6.7160153611e-19
  75.7500000    3.1874247207e-05    9.3795043633e-21    9.0030958698e-05    4.3859766933e-19
  76.0000000    1.3182817517e-05    1.4850774203e-20    8.4876891550e-05    1.6651042333e-19
  76.2500000   -3.0217436259e-06    2.0884939641e-20    9.1982707426e-05   -1.5170522807e-19
  76.5000000   -1.6161975313e-05    2.0650867723e-20    1.1214198075e-04   -4.4404540168e-19
  76.7500000   -2.6475319666e-05    1.8846353829e-20    1.4446363855e-04   -6.7256849732e-19
  77.0000000   -3.4493446151e-05    1.4421428691e-20    1.8619500897e-04   -8.4507188297e-19
  77.2500000   -4.0522589084e-05    1.1775562255e-20    2.3312881757e-04   -9.4749480813e-19
  77.5000000   -4.4250878608e-05    7.3927457789e-21    2.8054668309e-04   -9.5107802530e-19
  77.7500000   -4.4629579325e-05    5.8929251567e-21    3.2434755218e-04   -9.0048241161e-19
  78.0000000   -4.0143924275e-05    8.9803380190e-22    3.6190926036e-04   -7.7323726968e-19
  78.2500000   -2.9461180137e-05   -2.5905228834e-21    3.9237703315e-04   -5.7003790943e-19
  78.5000000   -1.2253722489e-05   -1.3970020721e-20    4.1634865748e-04   -3.4417506703e-19
  78.7500000    1.0150443030e-05   -2.2470671533e-20    4.3516489138e-04   -1.6871448485e-19
  79.0000000    3.4629897627e-05   -3.3021722137e-20    4.5010890672e-04    5.9856598582e-20
  79.2500000    5.6796503713e-05   -4.0422335826e-20    4.6174940062e-04    2.4315775437e-19
  79.5000000    7.2052996874e-05   -3.4272457998e-20    4.6952621384e-04    3.9532869159e-19
  79.7500000    7.6816506114e-05   -2.3790981037e-20    4.7158805866e-04    5.2664464781e-19
  80.0000000    6.9487158053e-05   -1.5438292158e-21    4.6489960443e-04    6.2285275824e-19
  80.2500000    5.0875448885e-05    1.8668096407e-20    4.4569289228e-04    6.6667177231e-19
  80.5000000    2.4031987359e-05    3.8102162062e-20    4.1035781888e-04    6.8024056116e-19
  80.7500000   -6.3852834317e-06    4.9661804327e-20    3.5675431511e-04    6.6919447284e-19
  81.0000000   -3.4999834049e-05    4.9720663398e-20    2.8570006922e-04    6.1359296242e-19
  81.2500000   -5.6688020503e-05    3.6859374891e-20    2.0215446200e-04    5.3025823802e-19
  81.5000000   -6.7515777667e-05    1.7879922531e-20    1.1552585645e-04    4.0335552301e-19
  81.7500000   -6.5528803796e-05   -4.8363182464e-21    3.8677904523e-05    2.6735711706e-19
  82.0000000   -5.1239847323e-05   -2.5275227400e-20   -1.4403607474e-05    1.6991653337e-19
  82.2500000   -2.7631759476e-05   -4.0627647870e-20   -3.1808037663e-05    7.3270366190e-21
  82.5000000    4.3261663341e-07   -4.4087537577e-20   -6.8838671117e-06   -1.0411701691e-19
  82.7500000    2.7321439885e-05   -3.8041415986e-20    5.9604685408e-05   -2.0027629783e-19
  83.0000000    4.7981835987e-05   -2.5095780905e-20    1.5912589480e-04   -2.8464926314e-19
  83.2500000    5.9119020568e-05   -5.5895954411e-21    2.7705542064e-04   -3.3978420493e-19
  83.5000000    5.9846701633e-05    1.4185678985e-20    3.9593091463e-04   -3.7175042522e-19
  83.7500000    5.1643948625e-05    2.7460561030e-20    4.9929108413e-04   -4.1724365285e-19
  84.0000000    3.7697441953e-05    3.5387148497e-20    5.7491748996e-04   -4.0984542700e-19
  84.2500000    2.1887412913e-05    3.6605533840e-20    6.1654890046e-04   -3.9946578373e-19
  84.5000000    7.7330823158e-06    3.3937643720e-20    6.2371590682e-04   -3.9669845099e-19
  84.7500000   -2.4342854362e-06    2.7862079669e-20    6.0001975048e-04   -3.6593534551e-19
  85.0000000   -7.8989566329e-06    1.9658231601e-20    5.5069426267e-04   -2.9392761883e-19
  85.2500000   -9.5174259255e-06    1.2376017831e-20    4.8045003037e-04   -2.0200849158e-19
  85.5000000   -9.2291082024e-06    9.8598378053e-21    3.9236001100e-04   -1.0932630475e-19
  85.7500000   -9.2502781742e-06    4.0207181625e-21    2.8804175480e-04   -5.3071132620e-21
  86.0000000   -1.1186153955e-05   -4.5944196161e-21    1.6884281422e-04    9.2624066079e-20
  86.2500000   -1.5358798965e-05   -1.5249006738e-20    3.7372344468e-05    2.0971127499e-19
  86.5000000   -2.0611046336e-05   -2.9480949676e-20   -1.0134807435e-04    2.9377262586e-19
  86.7500000   -2.4688876074e-05   -4.2985939796e-20   -2.3961814578e-04    3.6631031682e-19
  87.0000000   -2.5077259467e-05   -5.1704423452e-20   -3.6778916526e-04    3.9928669912e-19
  87.2500000   -1.9972195757e-05   -5.6743659443e-20   -4.7572834536e-04    3.9811882350e-19
  87.5000000   -9.0136663223e-06   -5.1050020190e-20   -5.5452208745e-04    3.8947571021e-19
  87.7500000    6.4877786774e-06   -3.6844162522e-20   -5.9790616815e-04    2.9552459440e-19
  88.0000000    2.3880900665e-05   -1.9261288304e-20   -6.0307587569e-04    2.2911967220e-19
  88.2500000    3.9895137111e-05    1.1645410555e-21   -5.7077594877e-04    9.8915343324e-20
  88.5000000    5.1475223712e-05    2.4057281496e-20   -5.0479158691e-04   -1.9796500010e-20
  88.7500000    5.6472769419e-05    3.8333023001e-20   -4.1109006731e-04   -1.3844744217e-19
  89.0000000    5.4052806430e-05    4.6919773298e-20   -2.9688396036e-04   -2.4803455277e-19
  89.2500000    4.4798629898e-05    5.0873119862e-20   -1.6983142141e-04   -3.5574507490e-19
  89.5000000    3.0569592575e-05    4.5880916844e-20   -3.7489533627e-05   -4.3988810986e-19
  89.7500000    1.4171148204e-05    3.8385581282e-20    9.2957327250e-05   -4.6131075648e-19
  90.0000000   -1.1297982314e-06    2.5023556890e-20    2.1475858120e-04   -4.3680562131e-19
  90.2500000   -1.2217902520e-05    1.2438935256e-20    3.2157749250e-04   -3.8845502750e-19
  90.5000000   -1.6805391241e-05   -4.5323552207e-21    4.0755047870e-04   -2.9315676405e-19
  90.7500000   -1.4037051836e-05   -1.7613092160e-20    4.6756201041e-04   -2.0572074892e-19
  91.0000000   -4.8395452178e-06   -2.8435453966e-20    4.9777809289e-04   -1.0710929107e-19
  91.2500000    8.1537112908e-06   -3.2866205720e-20    4.9633426503e-04    2.2141376101e-20
  91.5000000    2.1169921713e-05   -3.0557912984e-20    4.6394041948e-04    9.3618026982e-20
  91.7500000    3.0264141188e-05   -2.2689176461e-20    4.0411567333e-04    1.9651850031e-19
  92.0000000    3.2435101602e-05   -9.2985763726e-21    3.2284930260e-04    2.3220650345e-19
  92.2500000    2.6549406233e-05    1.0564980197e-20    2.2769584489e-04    2.4475816145e-19
  92.5000000    1.3760479359e-05    2.7499632389e-20    1.2656040620e-04    2.6819803663e-19
  92.7500000   -2.7481509685e-06    4.0887589377e-20    2.6588689606e-05    2.6445137374e-19
  93.0000000   -1.8651230169e-05    4.4495906306e-20   -6.6456682423e-05    2.3249171274e-19
  93.2500000   -2.9747192160e-05    3.5455836799e-20   -1.4817188151e-04    2.1372180849e-19
  93.5000000   -3.3214526599e-05    2.4930745449e-20   -2.1498532650e-04    1.9331766677e-19
  93.7500000   -2.8467675343e-05    5.9799471421e-21   -2.6352728350e-04    1.6504882104e-19
  94.0000000   -1.7343719400e-05   -1.2322535435e-20   -2.9035389586e-04    1.3622258482e-19
  94.2500000   -3.5584086862e-06   -2.9397637079e-20   -2.9230839954e-04    1.2399993144e-19
  94.5000000    8.4054748979e-06   -3.3638695477e-20   -2.6747782957e-04    1.1273676234e-19
  94.7500000    1.4644963447e-05   -3.4576139911e-20   -2.1639125224e-04    1.0855693793e-19
  95.0000000    1.3021945835e-05   -3.0458276494e-20   -1.4294507478e-04    9.7635179544e-20
  95.2500000    3.8445711045e-06   -2.2830417551e-20   -5.4606632099e-05    7.2021598115e-20
  95.5000000   -1.0144716463e-05   -1.6558346406e-20    3.8295773967e-05    5.2844549755e-20
  95.7500000   -2.4464807164e-05   -1.0971154958e-20    1.2405834747e-04    2.1371606993e-20
  96.0000000   -3.4077309623e-05   -7.4671661847e-21    1.9146318569e-04   -1.5342029014e-20
  96.2500000   -3.4730031183e-05   -8.3073054216e-21    2.4004939269e-04   -5.5472929076e-20
  96.5000000   -2.4106376715e-05   -8.2495497972e-21    2.4491093348e-04   -8.2388972618e-20
  96.7500000   -2.4865810319e-06   -4.7200476716e-21    2.1508632151e-04   -1.3891306731e-19
  97.0000000    2.7238604414e-05    1.2901949604e-21    1.5300730004e-04   -2.0611293593e-19
  97.2500000    6.0192346134e-05    8.9477677824e-21    6.4002598425e-05   -2.3876533485e-19
  97.5000000    9.0607533633e-05    1.7337628091e-20   -4.4442304586e-05   -2.8142393730e-19
  97.7500000    1.1311796771e-04    2.2361031327e-20   -1.6338025554e-04   -3.0048401392e-19
  98.0000000    1.2392996762e-04    2.7891651376e-20   -2.8302212137e-04   -3.1898438007e-19
  98.2500000    1.2159675990e-04    2.7486358725e-20   -3.9329913535e-04   -3.3303317682e-19
  98.5000000    1.0721861914e-04    2.2237587546e-20   -4.8442160476e-04   -3.1298112970e-19
  98.7500000    8.4032358974e-05    1.7311675299e-20   -5.4749154635e-04   -2.6465007804e-19
  99.0000000    5.6503845322e-05    9.4575969986e-21   -5.7520235211e-04   -2.0980293694e-19
  99.2500000    2.9163719562e-05   -1.5552158739e-21   -5.6258688932e-04   -1.3439115524e-19
  99.5000000    5.4999537075e-06   -1.3767904308e-20   -5.0769448622e-04   -4.0332861379e-20
  99.7500000   -1.2784197372e-05   -2.3405747516e-20   -4.1202576181e-04    5.6529096547e-20
 100.0000000   -2.5932950045e-05   -3.2826714308e-20   -2.8059132507e-04    1.6811502124e-19
 100.2500000   -3.5678214710e-05   -3.6880810501e-20   -1.2155219530e-04    2.6691767736e-19
 100.5000000   -4.4316677872e-05   -4.2045047699e-20    5.4486141817e-05    3.4187436755e-19
 100.7500000   -5.3647354936e-05   -3.4994573748e-20    2.3537790186e-04    3.9105103045e-19
 101.0000000   -6.4157251014e-05   -3.1546006075e-20    4.0837800222e-04    4.2607075566e-19
 101.2500000   -7.4762743622e-05   -1.5876827129e-20    5.6100605138e-04    4.1454859502e-19
 101.5000000   -8.3213108727e-05   -3.5594098746e-21    6.8179308651e-04    3.8527730978e-19
 101.7500000   -8.7012163570e-05    1.3133747584e-20    7.6093262419e-04    3.2011277075e-19
 102.0000000   -8.4509133530e-05    2.4228533732e-20    7.9088378798e-04    2.5520366252e-19
 102.2500000   -7.5734026244e-05    3.3660486516e-20    7.6696030873e-04    1.7460792457e-19
 102.5000000   -6.2638441647e-05    3.6171444964e-20    6.8788861912e-04    8.0034687348e-20
 102.7500000   -4.8617515090e-05    3.9148377516e-20    5.5625767824e-04    5.9397513342e-21
 103.0000000   -3.7450060297e-05    3.3307732759e-20    3.7874515909e-04   -7.9410941468e-20
 103.2500000   -3.2004751451e-05    3.2984020796e-20    1.6599985601e-04   -1.5367780180e-19
 103.5000000   -3.3146943102e-05    3.0900133113e-20   -6.7903036454e-05   -1.9064093616e-19
 103.7500000   -3.9219321602e-05    2.8782343950e-20   -3.0645294636e-04   -2.3668015469e-19
 104.0000000   -4.6288794405e-05    2.5526186243e-20   -5.3207829808e-04   -2.5377575491e-19
 104.2500000   -4.9116844413e-05    2.2174930230e-20   -7.2776482266e-04   -2.5463094334e-19
 104.5000000   -4.2596548193e-05    1.6589792194e-20   -8.7871243277e-04   -2.4087520117e-19
 104.7500000   -2.3268200066e-05    4.9352697272e-21   -9.7379180541e-04   -2.3295866912e-19
 105.0000000    9.5004313430e-06   -5.5730001301e-21   -1.0065743392e-03   -2.0733468169e-19
 105.2500000    5.2994137818e-05   -1.7559687311e-20   -9.7576955635e-04   -1.6730508541e-19
 105.5000000    1.0145205434e-04   -2.6599341612e-20   -8.8501283218e-04   -1.3073915284e-19
 105.7500000    1.4714903761e-04   -3.3368724404e-20   -7.4207856289e-04   -1.0061147717e-19
 106.0000000    1.8201886570e-04   -3.8346891201e-20   -5.5771482142e-04   -5.8241528436e-20
 106.2500000    1.9943879170e-04   -4.3783419455e-20   -3.4436520101e-04   -2.3149554171e-20
 106.5000000    1.9573752664e-04   -4.6575890730e-20   -1.1503084331e-04    2.0019459112e-20
 106.7500000    1.7103773897e-04   -4.7712226865e-20    1.1755712918e-04    4.0336195951e-20
 107.0000000    1.2919945295e-04   -4.5065400770e-20    3.4141026120e-04    5.1309573957e-20
 107.2500000    7.6864773557e-05   -4.0620681458e-20    5.4547993256e-04    6.6615646463e-20
 107.5000000    2.1854723031e-05   -3.3154342454e-20    7.1973878842e-04    7.8891937332e-20
 107.7500000   -2.8640173375e-05   -1.9744568577e-20    8.5531534850e-04    7.7645841438e-20
 108.0000000   -6.9575266296e-05   -1.8732668194e-21    9.4479435981e-04    7.5370500217e-20
 108.2500000   -9.8874157109e-05    1.4184076323e-20    9.8271239385e-04    7.2726365691e-20
 108.5000000   -1.1738787845e-04    2.9006303101e-20    9.6618967283e-04    7.6377565148e-20
 108.7500000   -1.2809102753e-04    3.9735882546e-20    8.9557287679e-04    7.6852342586e-20
 109.0000000   -1.3482745927e-04    4.3672111964e-20    7.7493579446e-04    7.9784491062e-20
 109.2500000   -1.4100535660e-04    4.1525797994e-20    6.1227774302e-04    9.4872730724e-20
 109.5000000   -1.4859548342e-04    3.5639409503e-20    4.1928877355e-04    8.4769856915e-20
 109.7500000   -1.5765080317e-04    2.5629028057e-20    2.1060827929e-04    9.2475096020e-20
 110.0000000   -1.6640434264e-04    1.7013967827e-20    2.5868284049e-06    8.1421662440e-20
 110.2500000   -1.7186375665e-04    9.2143913582e-21   -1.8833542890e-04    6.9361963645e-20
 110.5000000   -1.7072311392e-04    7.1754945459e-21   -3.4741548867e-04    6.4481011573e-20
 110.7500000   -1.6035334842e-04    8.2044684538e-21   -4.6327299256e-04    4.2848834610e-20
 111.0000000   -1.3961322713e-04    1.3028620117e-20   -5.2914751361e-04    2.1302640809e-20
 111.2500000   -1.0925954849e-04    1.6762065481e-20   -5.4353154517e-04    5.0171606079e-21
 111.5000000   -7.1839145665e-05    1.4766879994e-20   -5.1009450185e-04   -2.9874480852e-20
 111.7500000   -3.1097917308e-05    1.4101645836e-20   -4.3695909569e-04   -4.1016552005e-20
 112.0000000    8.9057885856e-06    7.8686977486e-21   -3.3550619407e-04   -5.5911412349e-20
 112.2500000    4.4707626899e-05    1.8442072536e-21   -2.1894369373e-04   -6.6151145775e-20
 112.5000000    7.4101233550e-05   -1.0856325487e-21   -1.0086348195e-04   -6.4025659955e-20
 112.7500000    9.6402072974e-05   -6.1342292510e-21    6.0514691988e-06   -6.6325163897e-20
 113.0000000    1.1229730546e-04   -2.8227441468e-21    9.1082372239e-05   -8.1926346012e-20
 113.2500000    1.2338899826e-04   -6.8496669717e-21    1.4626530815e-04   -7.6227278386e-20
 113.5000000    1.3159793250e-04   -1.1818859990e-20    1.6691875099e-04   -8.9102577265e-20
 113.7500000    1.3859172394e-04   -1.7485712808e-20    1.5190854501e-04   -8.7884153148e-20
 114.0000000    1.4535738584e-04   -2.8215932025e-20    1.0364673187e-04   -9.9932491134e-20
 114.2500000    1.5198182613e-04   -3.5549010940e-20    2.7798813831e-05   -8.8094920626e-20
 114.5000000    1.5764997802e-04   -4.9431350516e-20   -6.7311241443e-05   -8.6333790497e-20
 114.7500000    1.6082504238e-04   -5.3936038000e-20   -1.7157336267e-04   -6.9648116438e-20
 115.0000000    1.5954361229e-04   -4.9408053750e-20   -2.7416622838e-04   -4.5011989460e-20
 115.2500000    1.5174902287e-04   -4.0864234450e-20   -3.6470713213e-04   -1.6786958448e-20
 115.5000000    1.3560480380e-04   -2.3270968775e-20   -4.3431568672e-04    9.6718093123e-21
 115.7500000    1.0976805750e-04   -3.7115206344e-21   -4.7643138580e-04    4.2561053305e-20
 116.0000000    7.3635842960e-05    1.6631538965e-20   -4.8726891677e-04    5.6518007157e-20
 116.2500000    2.7580777295e-05    3.4925148737e-20   -4.6587392673e-04    8.7432014932e-20
 116.5000000   -2.6841747284e-05    4.2476424812e-20   -4.1383171255e-04    1.0551311684e-19
 116.7500000   -8.6782478224e-05    4.3272997318e-20   -3.3474883744e-04    1.1670083802e-19
 117.0000000   -1.4818027293e-04    3.6641050908e-20   -2.3365975384e-04    1.2043502857e-19
 117.2500000   -2.0611286944e-04    2.6937692410e-20   -1.1649273517e-04    1.1965145589e-19
 117.5000000   -2.5541767181e-04    1.6950106899e-20    1.0323934336e-05    1.2042958727e-19
 117.7500000   -2.9148377350e-04    9.8574855104e-21    1.4010144507e-04    1.2436836286e-19
 118.0000000   -3.1103394742e-04    1.5892740662e-21    2.6601758984e-04    1.2112139461e-19
 118.2500000   -3.1268846949e-04    7.8591851715e-22    3.8120723056e-04    1.0296761713e-19
 118.5000000   -2.9714727997e-04   -1.1123963652e-21    4.7889212991e-04    1.0204619205e-19
 118.7500000   -2.6693147703e-04    3.1113235518e-21    5.5260485697e-04    8.8512316043e-20
 119.0000000   -2.2575438155e-04    4.6657901972e-21    5.9653090094e-04    7.7170593864e-20
 119.2500000   -1.7770147647e-04    5.4687430612e-21    6.0595675400e-04    4.3260518523e-20
 119.5000000   -1.2644875674e-04    9.0545904036e-21    5.7777704282e-04    1.9334338692e-20
 119.7500000   -7.4723030806e-05    5.5128485899e-21    5.1099337270e-04   -1.0838974081e-20
 120.0000000   -2.4116958924e-05    6.2704038594e-21    4.0713038532e-04   -5.7362435778e-20
 120.2500000    2.4748124447e-05    3.9986880163e-21    2.7049770886e-04   -9.0967879240e-20
 120.5000000    7.1822237948e-05    7.2654245881e-21    1.0824538665e-04   -1.1984619553e-19
 120.7500000    1.1715264896e-04    5.8002421540e-21   -6.9812473880e-05   -1.5908180203e-19
 121.0000000    1.6048923569e-04    9.3747997736e-22   -2.5162039775e-04   -2.0223552681e-19
 121.2500000    2.0106581392e-04   -1.0187582274e-20   -4.2355920089e-04   -2.2004423587e-19
 121.5000000    2.3757874705e-04   -1.6359435318e-20   -5.7138500310e-04   -2.4245773178e-19
 121.7500000    2.6832037280e-04   -2.7236679427e-20   -6.8141684929e-04   -2.3709979699e-19
 122.0000000    2.9139071234e-04   -3.6123184145e-20   -7.4191568401e-04   -2.3715629730e-19
 122.2500000    3.0491121431e-04   -4.0035838916e-20   -7.4452084930e-04   -2.1466781554e-19
 122.5000000    3.0718997202e-04   -4.1374979704e-20   -6.8552558715e-04   -1.6499954563e-19
 122.7500000    2.9682622356e-04   -3.5779335504e-20   -5.6672050709e-04   -1.3139259321e-19
 123.0000000    2.7277679311e-04   -2.5098417544e-20   -3.9555956851e-04   -5.5472654426e-20
 123.2500000    2.3442724477e-04   -1.1621991004e-20   -1.8452424868e-04   -9.3086253246e-22
 123.5000000    1.8170918690e-04    3.2035671148e-21    5.0250339148e-05    7.0419982579e-20
 123.7500000    1.1528272279e-04    2.0004481004e-20    2.9083162725e-04    1.3469741886e-19
 124.0000000    3.6766493097e-05    2.7851623589e-20    5.1945014247e-04    1.8081532295e-19
 124.2500000   -5.1040789592e-05    3.9597342718e-20    7.2019264654e-04    2.2386201367e-19
 124.5000000   -1.4403025849e-04    3.8544031606e-20    8.8018309702e-04    2.4981723685e-19
 124.7500000   -2.3683097421e-04    4.0665051943e-20    9.9019160357e-04    2.4464546455e-19
 125.0000000   -3.2309843471e-04    3.1542464708e-20    1.0447733826e-03    2.4559813105e-19
 125.2500000   -3.9605592790e-04    2.7027220171e-20    1.0421157685e-03    2.2280612247e-19
 125.5000000   -4.4923700100e-04    2.5637338637e-20    9.8374854227e-04    1.7963902689e-19
 125.7500000   -4.7731569089e-04    2.1579281025e-20    8.7419156520e-04    1.2843792345e-19
 126.0000000   -4.7687093151e-04    2.0629212393e-20    7.2053502257e-04    9.3577199480e-20
 126.2500000   -4.4692774328e-04    2.5197679217e-20    5.3192093798e-04    3.7620446485e-20
 126.5000000   -3.8915624885e-04    2.1855313780e-20    3.1892442703e-04    6.7558021670e-21
 126.7500000   -3.0768318718e-04    1.8403902675e-20    9.2885660958e-05   -4.6306893857e-20
 127.0000000   -2.0855948021e-04    1.2592325561e-20   -1.3472451448e-04   -8.9386012641e-20
 127.2500000   -9.9004576988e-05    2.7119633370e-21   -3.5283786697e-04   -1.1526301394e-19
 127.5000000    1.3411236062e-05   -8.6314228968e-21   -5.5120512907e-04   -1.3134451011e-19
 127.7500000    1.2149330889e-04   -2.8778544089e-20   -7.2073605015e-04   -1.6299962001e-19
 128.0000000    2.1895445327e-04   -4.3194647804e-20   -8.5382564174e-04   -1.5632979454e-19
 128.2500000    3.0071861923e-04   -6.0412922780e-20   -9.5078489401e-04   -1.5850322776e-19
 128.5000000    3.6302596490e-04   -6.9105305011e-20   -9.9258311981e-04   -1.5574877610e-19
 128.7500000    4.0340622660e-04   -7.3505285484e-20   -9.8571295673e-04   -1.2333532979e-19
 129.0000000    4.2059384166e-04   -6.7580345853e-20   -9.3316427917e-04   -9.8350737626e-20
 129.2500000    4.1444209982e-04   -5.6693976907e-20   -8.4104773020e-04   -6.7986362287e-20
 129.5000000    3.8586690479e-04   -3.8279799099e-20   -7.1793694794e-04   -4.3904821134e-20
 129.7500000    3.3682398060e-04   -1.5110806183e-20   -5.7380498873e-04   -5.2423605296e-21
 130.0000000    2.7030019771e-04    1.0663508394e-20   -4.1906885861e-04    1.6810843288e-20
 130.2500000    1.9028192728e-04    2.5442317883e-20   -2.6394788989e-04    4.5316262678e-20
 130.5000000    1.0165329161e-04    4.0959088801e-20   -1.1798671164e-04    6.4575250386e-20
 130.7500000    9.9802761899e-06    4.7777228398e-20    1.0495405082e-05    8.7159911285e-20
 131.0000000   -7.8842383017e-05    5.0094109595e-20    1.1509850359e-04    1.0716005928e-19
 131.2500000   -1.5906702358e-04    4.7765699568e-20    1.9202199629e-04    1.0859186369e-19
 131.5000000   -2.2563316563e-04    4.5465038866e-20    2.4047595162e-04    1.1684233760e-19
 131.7500000   -2.7467983519e-04    3.7715868716e-20    2.6264690390e-04    1.1847154737e-19
 132.0000000   -3.0392994614e-04    3.6556264895e-20    2.6321038783e-04    1.0760410018e-19
 132.2500000   -3.1286990714e-04    2.6111196806e-20    2.4852614479e-04    1.0041665029e-19
 132.5000000   -3.0269501290e-04    2.7827855071e-20    2.2570726832e-04    8.7931535087e-20
 132.7500000   -2.7604554188e-04    2.8480655671e-20    2.0172463900e-04    6.5054498154e-20
 133.0000000   -2.3660056551e-04    3.5857659169e-20    1.8264167369e-04    5.2262369700e-20
 133.2500000   -1.8861404689e-04    3.7445949342e-20    1.7301406449e-04    4.2143068601e-20
 133.5000000   -1.3646899026e-04    3.3723429791e-20    1.7546401068e-04    3.0276829903e-20
 133.7500000   -8.4298607203e-05    2.6755156913e-20    1.9043895035e-04   -4.2855847873e-21
 134.0000000   -3.5691781189e-05    1.1079308823e-20    2.1617616011e-04   -1.8355593388e-20
 134.2500000    6.5242415952e-06   -1.6114770802e-21    2.4889943307e-04   -4.2854398692e-20
 134.5000000    4.0440522046e-05   -2.7582479697e-20    2.8326134840e-04   -5.0298810947e-20
 134.7500000    6.5172482450e-05   -4.5627541082e-20    3.1301385061e-04   -6.1259406428e-20
 135.0000000    8.0907341697e-05   -6.2558377258e-20    3.3184872332e-04   -6.4225340062e-20
 135.2500000    8.8865060218e-05   -8.0815959437e-20    3.3430766278e-04   -7.8169550163e-20
 135.5000000    9.1135268649e-05   -9.4526219596e-20    3.1663061406e-04   -7.3859809925e-20
 135.7500000    9.0363726698e-05   -1.0178646138e-19    2.7740176884e-04   -6.6304390122e-20
 136.0000000    8.9297049058e-05   -1.0008045307e-19    2.1787118003e-04   -7.4664478139e-20
 136.2500000    9.0245766110e-05   -9.3042018470e-20    1.4187927224e-04   -6.6658197797e-20
 136.5000000    9.4574226440e-05   -8.8158337671e-20    5.5387223060e-05   -7.5307932567e-20
 136.7500000    1.0234819593e-04   -7.3696616237e-20   -3.4304342808e-05   -5.0920914180e-20
 137.0000000    1.1225080599e-04   -4.8642607953e-20   -1.1950251062e-04   -4.4736345253e-20
 137.2500000    1.2181459582e-04   -3.8456751126e-20   -1.9306362292e-04   -3.4187967637e-20
 137.5000000    1.2793045527e-04   -1.3392687427e-20   -2.4917664707e-04   -2.2290636965e-20
 137.7500000    1.2751401915e-04    1.0736901286e-20   -2.8388956418e-04   -1.9199892762e-20
 138.0000000    1.1816612420e-04    3.3907453243e-20   -2.9535025926e-04    1.1602749361e-20
 138.2500000    9.8671670812e-05    5.6365922246e-20   -2.8379333869e-04    2.8348629890e-20
 138.5000000    6.9235549610e-05    7.8772694077e-20   -2.5133667093e-04    3.0912673300e-20
 138.7500000    3.1432861351e-05    1.0670004347e-19   -2.0165556588e-04    5.4878606269e-20
 139.0000000   -1.2075420001e-05    1.1459450014e-19   -1.3958288751e-04    5.3313650020e-20
 139.2500000   -5.7963856728e-05    1.1959687489e-19   -7.0660677576e-05    5.8202298749e-20
 139.5000000   -1.0269370681e-04    1.1920175398e-19   -6.5514138846e-07    4.8959624923e-20
 139.7500000   -1.4290767818e-04    1.1422999137e-19    6.4948769946e-05    3.5281650657e-20
 140.0000000   -1.7571988023e-04    1.0599241630e-19    1.2143509800e-04    1.8297359550e-20
 140.2500000   -1.9889146252e-04    8.4953206668e-20    1.6526344820e-04   -4.9331686562e-21
 140.5000000   -2.1091131008e-04    5.8837822260e-20    1.9431894088e-04   -2.6370166134e-20
 140.7500000   -2.1101495346e-04    2.3323132853e-20    2.0794668043e-04   -4.5858084559e-20
 141.0000000   -1.9917344463e-04   -2.2694475587e-21    2.0676092787e-04   -6.2002358405e-20
 141.2500000   -1.7607066398e-04   -2.7265289052e-20    1.9228540797e-04   -8.4687058075e-20
 141.5000000   -1.4306836215e-04   -5.1656007537e-20    1.6653598649e-04   -9.8970935677e-20
 141.7500000   -1.0214125276e-04   -6.3112148828e-20    1.3166966191e-04   -1.0616167167e-19
 142.0000000   -5.5758050924e-05   -7.4324918074e-20    8.9783625957e-05   -8.3693520455e-20
 142.2500000   -6.6939849057e-06   -8.0769585624e-20    4.2870357938e-05   -6.1604773721e-20
 142.5000000    4.2215067245e-05   -6.3468896317e-20   -7.1416890401e-06   -1.6632728037e-20
 142.7500000    8.8335835077e-05   -5.0660857562e-20   -5.8364664423e-05    1.6585850161e-20
 143.0000000    1.2945448202e-04   -3.3710143202e-20   -1.0901710812e-04    7.3581444262e-20
 143.2500000    1.6388210149e-04   -1.6204494049e-20   -1.5757572296e-04    9.4265977589e-20
 143.5000000    1.9041128450e-04   -1.1378101970e-20   -2.0293399396e-04    1.1276284761e-19
 143.7500000    2.0813695659e-04   -5.2361179009e-21   -2.4446174797e-04    1.5630847364e-19
 144.0000000    2.1621262735e-04   -6.8561640553e-21   -2.8190035359e-04    1.9095978197e-19
 144.2500000    2.1365566426e-04   -1.6604513424e-20   -3.1511457467e-04    1.7131420365e-19
 144.5000000    1.9932138052e-04   -3.4111635992e-20   -3.4380215322e-04    1.4345640852e-19
 144.7500000    1.7212515663e-04   -5.0393497278e-20   -3.6728888628e-04    1.2664990793e-19
 145.0000000    1.3151023952e-04   -7.2703592374e-20   -3.8449576617e-04    8.9557384430e-20
 145.2500000    7.8058654531e-05   -8.0289856411e-20   -3.9408075711e-04    3.6761476773e-20
 145.5000000    1.4057582558e-05   -8.8430906608e-20   -3.9468198009e-04   -9.6313614728e-21
 145.7500000   -5.6201778184e-05   -8.9855130677e-20   -3.8516103847e-04   -3.4828614175e-20
 146.0000000   -1.2657847735e-04   -6.1606964457e-20   -3.6477423764e-04   -1.1685358532e-19
 146.2500000   -1.8976416583e-04   -4.6780113868e-20   -3.3325830084e-04   -1.5456746010e-19
 146.5000000   -2.3841096888e-04   -2.4704860518e-20   -2.9086600579e-04   -1.6059237903e-19
 146.7500000   -2.6646621496e-04    7.9555517129e-21   -2.3839798174e-04   -1.7845070116e-19
 147.0000000   -2.7037643023e-04    6.2751995682e-20   -1.7724897840e-04   -1.7474720353e-19
 147.2500000   -2.4982420298e-04    8.4070721277e-20   -1.0944635522e-04   -1.9146248807e-19
 147.5000000   -2.0777423140e-04    1.2040665886e-19   -3.7628890485e-05   -1.8547909003e-19
 147.7500000   -1.4980032777e-04    1.3230875390e-19    3.5082511350e-05   -1.5689878495e-19
 148.0000000   -8.2880763810e-05    1.5028646469e-19    1.0533840380e-04   -1.4986413729e-19
 148.2500000   -1.4009908297e-05    1.5470881781e-19    1.6990994974e-04   -9.5323179035e-20
 148.5000000    5.0979723823e-05    1.4390468225e-19    2.2606576119e-04   -3.1799238049e-20
 148.7500000    1.0807812201e-04    1.2608432319e-19    2.7188964008e-04   -7.6986668963e-21
 149.0000000    1.5512422044e-04    8.4245043128e-20    3.0646226710e-04    7.2113610649e-20
 149.2500000    1.9130396955e-04    5.3249273719e-20    3.2986409143e-04    8.6410870160e-20
 149.5000000    2.1639923950e-04    1.7569102953e-20    3.4300572129e-04    1.7170086212e-19
 149.7500000    2.3012820684e-04   -1.3157900612e-20    3.4734089752e-04    2.1692544831e-19
 150.0000000    2.3184898271e-04   -3.6415657115e-20    3.4454678642e-04    2.3978065220e-19
 150.2500000    2.2073045807e-04   -5.1817165585e-20    3.3625474029e-04    2.5634386960e-19
 150.5000000    1.9629545539e-04   -7.4498858647e-20    3.2388310870e-04    2.3949313100e-19
 150.7500000    1.5908831730e-04   -7.5878595909e-20    3.0857630706e-04    2.4280626239e-19
 151.0000000    1.1116789235e-04   -8.8978345077e-20    2.9121422772e-04    2.4500408532e-19
 151.2500000    5.6192683812e-05   -9.8490146639e-20    2.7244128767e-04    1.7050629538e-19
 151.5000000   -9.8187113597e-07   -1.1910471535e-19    2.5267874346e-04    1.3061713400e-19
 151.7500000   -5.5094798002e-05   -1.0382722581e-19    2.3211270514e-04    4.7722104565e-20
 152.0000000   -1.0142281335e-04   -1.0357575644e-19    2.1067494826e-04    3.3286452245e-20
 152.2500000   -1.3659142295e-04   -8.4920119443e-20    1.8803869922e-04   -1.2075528964e-19
 152.5000000   -1.5902560771e-04   -7.3407316280e-20    1.6363974835e-04   -1.6029694630e-19
 152.7500000   -1.6894336849e-04   -3.5198758112e-20    1.3671751996e-04   -2.6484909252e-19
 153.0000000   -1.6794928257e-04   -3.7301089338e-20    1.0636317557e-04   -3.1556758131e-19
 153.2500000   -1.5840371315e-04    2.6144077236e-22    7.1572639904e-05   -3.0905971845e-19
 153.5000000   -1.4278694841e-04    4.9494106383e-20    3.1320621630e-05   -3.9148178455e-19
 153.7500000   -1.2323896570e-04    7.3223035950e-20   -1.5316017648e-05   -3.4819007894e-19
 154.0000000   -1.0135943835e-04    1.0425293302e-19   -6.8964000997e-05   -3.1289909665e-19
 154.2500000   -7.8243214222e-05    1.1510998875e-19   -1.2969464941e-04   -2.8038680791e-19
 154.5000000   -5.4647665545e-05    1.4325341323e-19   -1.9674297559e-04   -1.7314300951e-19
 154.7500000   -3.1166504663e-05    1.3195510834e-19   -2.6827612034e-04   -5.4447464224e-20
 155.0000000   -8.3198683142e-06    1.4452466058e-19   -3.4128849449e-04    5.7909202162e-20
 155.2500000    1.3460779138e-05    8.8293620475e-20   -4.1168135638e-04    1.8952247488e-19
 155.5000000    3.3906854599e-05    4.8220235315e-20   -4.7454543931e-04    2.9497793141e-19
 155.7500000    5.2964257170e-05    2.4796134729e-20   -5.2462047062e-04    3.8078232874e-19
 156.0000000    7.0750578629e-05    5.5197762276e-21   -5.5686823482e-04    3.8709672585e-19
 156.2500000    8.7394608722e-05   -4.4528269747e-20   -5.6707629744e-04    4.2653668776e-19
 156.5000000    1.0279809486e-04   -6.0830009217e-20   -5.5240735045e-04    3.6545560661e-19
 156.7500000    1.1640864696e-04   -9.0070947268e-20   -5.1182152975e-04    2.9873042334e-19
 157.0000000    1.2710550266e-04   -8.7926319972e-20   -4.4631953431e-04    2.1940597394e-19
 157.2500000    1.3327071889e-04   -9.4589822030e-20   -3.5897634224e-04    1.0293609299e-19
 157.5000000    1.3305873191e-04   -8.6213351708e-20   -2.5475671900e-04   -2.8505500170e-20
 157.7500000    1.2481035422e-04   -8.6729887226e-20   -1.4012389920e-04   -1.5458223979e-19
 158.0000000    1.0750776996e-04   -4.2769373572e-20   -2.2474175052e-05   -2.8059628171e-19
 158.2500000    8.1151243893e-05   -3.9890629944e-20    9.0547234767e-05   -3.6093739747e-19
 158.5000000    4.6958829097e-05   -1.4723582259e-20    1.9177129886e-04   -4.1539187980e-19
 158.7500000    7.3370845406e-06   -1.3287028029e-20    2.7517957354e-04   -4.4475154735e-19
 159.0000000   -3.4373254946e-05    3.3247762164e-20    3.3643637224e-04   -4.0423887759e-19
 159.2500000   -7.4324234222e-05    1.6215150462e-20    3.7320671602e-04   -3.6130049179e-19
 159.5000000   -1.0867763391e-04    7.2372487485e-21    3.8522526312e-04   -2.8718048752e-19
 159.7500000   -1.3412039561e-04    9.6490876948e-21    3.7412700715e-04   -1.5431330269e-19
 160.0000000   -1.4829626147e-04    7.7539393633e-21    3.4309147084e-04   -2.0164033158e-20
 160.2500000   -1.5009302766e-04    1.2807444219e-20    2.9163533850e-04    1.3439781146e-19
 160.5000000   -1.3975245646e-04    3.8912075279e-20    2.3450630486e-04    2.5846752334e-19
 160.7500000   -1.1879854462e-04    1.5167480980e-20    1.7193237631e-04    3.6151175162e-19
 161.0000000   -8.9805724568e-05    1.5832588314e-20    1.0839533754e-04    4.3548086571e-19
 161.2500000   -5.6048877165e-05    2.9241429190e-20    4.7802878203e-05    5.0288888011e-19
 161.5000000   -2.1089867723e-05    5.2741759639e-20   -6.6321692019e-06    5.1996032245e-19
 161.7500000    1.1640409662e-05    4.4493114571e-20   -5.2613361333e-05    4.9231548185e-19
 162.0000000    3.9209850229e-05    6.2827469451e-20   -8.8883665319e-05    4.3550134812e-19
 162.2500000    5.9460089939e-05    5.2165990234e-20   -1.1513706938e-04    3.5319516788e-19
 162.5000000    7.1163386111e-05    5.0950138131e-20   -1.3177105889e-04    2.0930069614e-19
 162.7500000    7.4056385675e-05    2.5114676813e-20   -1.3959882488e-04    8.9896554331e-20
 163.0000000    6.8764886446e-05    1.5152087666e-20   -1.3960262293e-04   -2.5367858704e-20
 163.2500000    5.6647979889e-05   -2.6466354557e-21   -1.3275197935e-04   -1.4755804821e-19
 163.5000000    3.9596449938e-05   -1.0640308563e-20   -1.1988653318e-04   -2.7439232695e-19
 163.7500000    1.9818106521e-05   -3.6073527459e-20   -1.0166695603e-04   -3.2839486494e-19
 164.0000000   -3.6644939867e-07   -5.1500885323e-20   -7.8599179723e-05   -3.7787291885e-19
 164.2500000   -1.8706220587e-05   -5.1152332092e-20   -5.1125721300e-05   -4.2410718398e-19
 164.5000000   -3.3179197173e-05   -7.8182371463e-20   -1.9763545591e-05   -4.5083181922e-19
 164.7500000   -4.2132343907e-05   -6.3272957909e-20    1.4736794428e-05   -3.7274705184e-19
 165.0000000   -4.4404161930e-05   -8.2013613566e-20    5.1232137817e-05   -3.0179667201e-19
 165.2500000   -3.9425646395e-05   -4.2620119170e-20    8.8048580030e-05   -2.6210579972e-19
 165.5000000   -2.7288706228e-05   -4.9591610298e-20    1.2289386684e-04   -1.4649841692e-19
 165.7500000   -8.7677388773e-06   -2.9417179221e-20    1.5286290754e-04   -8.7746595597e-20
 166.0000000    1.4717694428e-05   -9.7313146176e-21    1.7458209154e-04    1.0819238069e-20
 166.2500000    4.1203545895e-05    4.1337782426e-20    1.8451991699e-04    1.0988011348e-19
 166.5000000    6.8339418583e-05    4.0871614452e-20    1.7945239195e-04    1.4430406185e-19
 166.7500000    9.3588733458e-05    5.1862466648e-20    1.5702482934e-04    1.8794961356e-19
 167.0000000    1.1444978735e-04    6.7413358767e-20    1.1631458901e-04    1.9543147513e-19
 167.2500000    1.2867568260e-04    6.3080845212e-20    5.8284750288e-05    1.8582055407e-19
 167.5000000    1.3447420285e-04    9.0354321252e-20   -1.3969398240e-05    1.4588824520e-19
 167.7500000    1.3067342005e-04    6.3435550599e-20   -9.5246873639e-05    1.0570868043e-19
 168.0000000    1.1684274478e-04    4.8356978610e-20   -1.7856339195e-04    4.1210189816e-20
 168.2500000    9.3360950760e-05    4.6243480446e-20   -2.5574868911e-04   -2.3455171558e-20
 168.5000000    6.1422946822e-05    1.5366792733e-20   -3.1825985938e-04   -8.4259292607e-20
 168.7500000    2.2977784093e-05   -4.0207698613e-21   -3.5812290378e-04   -1.5032048249e-19
 169.0000000   -1.9405945678e-05   -2.7507322584e-20   -3.6889592176e-04   -1.4324487000e-19
 169.2500000   -6.2743114667e-05   -4.2020335678e-20   -3.4653928104e-04   -1.7925189990e-19
 169.5000000   -1.0388757878e-04   -5.7309812873e-20   -2.9008222173e-04   -1.7092478899e-19
 169.7500000   -1.3981209880e-04   -8.0358218365e-20   -2.0199172553e-04   -1.3529966774e-19
 170.0000000   -1.6787612021e-04   -6.5224018480e-20   -8.8178331413e-05   -8.4202976471e-20
 170.2500000   -1.8604409942e-04   -8.2109359722e-20    4.2386854565e-05    1.3505087055e-20
 170.5000000   -1.9302554902e-04   -6.6129160866e-20    1.7842311958e-04    1.0737546875e-19
 170.7500000   -1.8832411152e-04   -2.7378179011e-20    3.0739083063e-04    1.7151005805e-19
 171.0000000   -1.7220236291e-04    6.5585082818e-21    4.1673211382e-04    2.5504520573e-19
 171.2500000   -1.4558578921e-04    3.3946251568e-20    4.9516321408e-04    3.3026451284e-19
 171.5000000   -1.0993828916e-04    5.5331662137e-20    5.3386996291e-04    3.3690780713e-19
 171.7500000   -6.7140015505e-05    1.0667734770e-19    5.2746760448e-04    3.3802522959e-19
 172.0000000   -1.9387275702e-05    8.6475735983e-20    4.7461510493e-04    3.0938801868e-19
 172.2500000    3.0882123363e-05    8.0748647614e-20    3.7821643142e-04    2.3885914230e-19
 172.5000000    8.1050158443e-05    7.8326042395e-20    2.4519034660e-04    1.7046050802e-19
 172.7500000    1.2838745457e-04    4.5230132497e-20    8.5838586489e-05    6.9439330882e-20
 173.0000000    1.7014980708e-04    1.3695526004e-21   -8.7115859128e-05   -2.8096417352e-20
 173.2500000    2.0371238991e-04   -3.7408338474e-20   -2.5971689127e-04   -1.4320763395e-19
 173.5000000    2.2673657679e-04   -9.9375876130e-20   -4.1806666008e-04   -2.0786291406e-19
 173.7500000    2.3735012757e-04   -1.2962928325e-19   -5.4958967766e-04   -3.2452619210e-19
 174.0000000    2.3431370044e-04   -2.1369663118e-19   -6.4414478554e-04   -3.8518244250e-19
 174.2500000    2.1714798915e-04   -2.3230106053e-19   -6.9487757957e-04   -4.1991573057e-19
 174.5000000    1.8620524077e-04   -2.3602750919e-19   -6.9873476139e-04   -4.1719089424e-19
 174.7500000    1.4268214869e-04   -2.6264028764e-19   -6.5659907287e-04   -3.7891006116e-19
 175.0000000    8.8582470731e-05   -2.4302612926e-19   -5.7304496633e-04   -3.0686472361e-19
 175.2500000    2.6642658241e-05   -2.0946905324e-19   -4.5575593193e-04   -2.2058691644e-19
 175.5000000   -3.9769204212e-05   -1.3452311317e-19   -3.1467914267e-04   -1.2151063479e-19
 175.7500000   -1.0677950823e-04   -6.0387312493e-20   -1.6101732826e-04   -1.5188095872e-20
 176.0000000   -1.7016809061e-04    3.8694216586e-21   -6.1690761988e-06    1.0042783015e-19
 176.2500000   -2.2557298969e-04    6.1428474390e-20    1.3927323237e-04    1.8296457729e-19
 176.5000000   -2.6875122576e-04    1.6281421846e-19    2.6637258734e-04    2.6039099615e-19
 176.7500000   -2.9589486359e-04    2.0920504046e-19    3.6847162182e-04    2.8839238466e-19
 177.0000000   -3.0398521156e-04    2.9174996247e-19    4.4154882895e-04    3.2463584604e-19
 177.2500000   -2.9115073514e-04    2.9297669717e-19    4.8429461396e-04    3.2485587608e-19
 177.5000000   -2.5698097113e-04    3.3604907734e-19    4.9792483008e-04    2.6277279164e-19
 177.7500000   -2.0274327555e-04    3.0509207556e-19    4.8577466498e-04    2.2002647572e-19
 178.0000000   -1.3145362860e-04    2.8884725645e-19    4.5273436866e-04    1.7456385377e-19
 178.2500000   -4.7767006725e-05    2.6303836831e-19    4.0459875108e-04    1.1277147161e-19
 178.5000000    4.2324789877e-05    2.0378493949e-19    3.4740412530e-04    6.3363404939e-20
 178.7500000    1.3197267577e-04    1.8823085174e-19    2.8682002044e-04   -1.4080501031e-20
 179.0000000    2.1408435063e-04    1.5126242149e-19    2.2765007623e-04   -4.5763576750e-20
 179.2500000    2.8200661517e-04    8.8339373903e-20    1.7347908947e-04   -5.7758532506e-20
 179.5000000    3.3019501464e-04    2.6348804437e-21    1.2648403242e-04   -8.0209351704e-20
 179.7500000    3.5478699296e-04   -4.4409776124e-20    8.7408909502e-05   -1.0248010402e-19
 180.0000000    3.5400447442e-04   -3.9255045041e-20    5.5688352293e-05   -9.2301956778e-20
 180.2500000    3.2833290575e-04   -5.9160215904e-20    2.9694645592e-05   -7.4172458347e-20
 180.5000000    2.8045316781e-04   -9.9162773724e-20    7.0767756866e-06   -7.5057399431e-20
 180.7500000    2.1493563847e-04   -7.3470078609e-20   -1.4843145261e-05   -7.7886783641e-20
 181.0000000    1.3773696841e-04   -1.0867214544e-19   -3.8652590757e-05   -9.0209719741e-20
 181.2500000    5.5565347508e-05   -9.9373779098e-20   -6.6448407216e-05   -1.0982294432e-19
 181.5000000   -2.4804557288e-05   -5.8039360324e-20   -9.9492059449e-05   -1.0270847756e-19
 181.7500000   -9.7182302342e-05   -1.1046226769e-19   -1.3795684349e-04   -9.7412955533e-20
 182.0000000   -1.5650228123e-04   -1.4036050413e-19   -1.8079803197e-04   -1.0222309157e-19
 182.2500000   -1.9919853662e-04   -1.8204270389e-19   -2.2576692702e-04   -8.7180862219e-20
 182.5000000   -2.2338596722e-04   -2.3848857831e-19   -2.6957566675e-04   -3.8704963471e-20
 182.7500000   -2.2885098568e-04   -3.1037470944e-19   -3.0820327656e-04    7.0122297725e-21
 183.0000000   -2.1688265119e-04   -3.2540778650e-19   -3.3731706549e-04    2.5182957987e-20
 183.2500000   -1.8999485195e-04   -3.7347313224e-19   -3.5276912461e-04    1.0159971243e-19
 183.5000000   -1.5159765662e-04   -3.9118154404e-19   -3.5111643475e-04    1.4837812024e-19
 183.7500000   -1.0567077786e-04   -4.1793250366e-19   -3.3010603602e-04    1.7606285368e-19
 184.0000000   -5.6476414323e-05   -3.5924019733e-19   -2.8906548965e-04    2.0281909384e-19
 184.2500000   -8.3278814452e-06   -3.6711296636e-19   -2.2914427269e-04    2.0696532616e-19
 184.5000000    3.4589805969e-05   -2.2849559027e-19   -1.5336482130e-04    1.9575102534e-19
 184.7500000    6.8365746794e-05   -8.1488328028e-20   -6.6462380472e-05    1.6266974620e-19
 185.0000000    8.9499337579e-05    7.7708707164e-20    2.5481386817e-05    1.0970534573e-19
 185.2500000    9.5047461005e-05    2.5217376456e-19    1.1557904670e-04    5.9096522997e-20
 185.5000000    8.2793458983e-05    3.6514584039e-19    1.9679600888e-04    2.3886236055e-20
 185.7500000    5.1435229436e-05    4.3125770801e-19    2.6265388412e-04   -4.3926780195e-20
 186.0000000    7.7672927229e-07    5.2938088373e-19    3.0789892471e-04   -7.9233873118e-20
 186.2500000   -6.8102856070e-05    5.2552195692e-19    3.2905873217e-04   -1.3617126085e-19
 186.5000000   -1.5273353131e-04    5.6761782453e-19    3.2482311605e-04   -1.6413507404e-19
 186.7500000   -2.4922421231e-04    4.9930221851e-19    2.9620446521e-04   -1.9077903655e-19
 187.0000000   -3.5234497051e-04    4.1952751791e-19    2.4645716838e-04   -1.4951338686e-19
 187.2500000   -4.5574001277e-04    3.5474733999e-19    1.8076218095e-04   -1.9226200337e-19
 187.5000000   -5.5227629260e-04    2.1786359552e-19    1.0570948853e-04   -1.1858776624e-19
 187.7500000   -6.3451579662e-04    1.1205493206e-19    2.8635170002e-05   -6.6513644754e-20
 188.0000000   -6.9528070799e-04    1.6857136321e-20   -4.3112796787e-05   -7.9122669024e-20
 188.2500000   -7.2826208394e-04    6.2096836325e-21   -1.0289715262e-04   -6.2593997723e-20
 188.5000000   -7.2860779201e-04   -4.1287944794e-22   -1.4542300114e-04   -4.2967043889e-20
 188.7500000   -6.9341821143e-04    2.4056738659e-20   -1.6721333436e-04   -3.3986757569e-20
 189.0000000   -6.2208152688e-04    6.7146851513e-20   -1.6688616184e-04   -3.5330512474e-20
 189.2500000   -5.1639581963e-04    1.1585140108e-19   -1.4521779630e-04   -6.8587089282e-20
 189.5000000   -3.8045108896e-04    1.6681221501e-19   -1.0500226565e-04   -7.6362328546e-20
 189.7500000   -2.2027690567e-04    1.7903631595e-19   -5.0736675601e-05   -1.2918909392e-19
 190.0000000   -4.3294717178e-05    1.5660260905e-19    1.1825619093e-05   -1.1743364249e-19
 190.2500000    1.4235821257e-04    7.1035091531e-20    7.6207453266e-05   -8.6698376815e-20
 190.5000000    3.2854873363e-04   -6.9084315303e-21    1.3577996435e-04   -1.0369748124e-19
 190.7500000    5.0782298552e-04   -1.5523666244e-19    1.8433179756e-04   -1.0333667540e-19
 191.0000000    6.7395755767e-04   -4.1012995128e-19    2.1659693753e-04   -1.0924137495e-19
 191.2500000    8.2232758983e-04   -5.8645420050e-19    2.2870651360e-04   -1.7859850476e-20
 191.5000000    9.5005953492e-04   -8.6352656678e-19    2.1853390403e-04   -1.8805214519e-20
 191.7500000    1.0559645066e-03   -1.0243338900e-18    1.8590706688e-04    8.5578674765e-20
 192.0000000    1.1402734812e-03   -1.1619347128e-18    1.3266849172e-04    1.8409266585e-19
 192.2500000    1.2042154667e-03   -1.1500491614e-18    8.7013856836e-05    1.6512564544e-19
 192.5000000    1.2494931523e-03   -1.1129681538e-18   -1.1080169518e-05    2.0205494294e-19
 192.7500000    1.2777183856e-03   -9.5012100318e-19   -1.1134795259e-04    2.8170081663e-19
 193.0000000    1.2898732804e-03   -6.4322996489e-19   -2.0514307446e-04    3.2278119078e-19
 193.2500000    1.2858625717e-03   -2.9624186339e-19   -2.8510274569e-04    3.7027791448e-19
 193.5000000    1.2642189639e-03    1.2156212032e-19   -3.4476737438e-04    3.5792350674e-19
 193.7500000    1.2220144002e-03    5.9527481511e-19   -3.7889971685e-04    3.5563097568e-19
 194.0000000    1.1550152256e-03    1.0463088994e-18   -3.8415434255e-04    3.6272615615e-19
 194.2500000    1.0580973342e-03    1.4156563908e-18   -3.5959337037e-04    2.3919466097e-19
 194.5000000    9.2590883096e-04    1.7381519845e-18   -3.0681506206e-04    1.9376662874e-19
 194.7500000    7.5373447683e-04    1.8108656582e-18   -2.2972930044e-04    9.6396012903e-20
 195.0000000    5.3848169622e-04    1.8227245330e-18   -1.3411313884e-04    1.5051016534e-20
 195.2500000    2.7967684475e-04    1.5676226525e-18   -2.7063987542e-05   -3.6140076724e-20
 195.5000000   -1.9661600868e-05    1.2416751306e-18    8.3570879608e-05   -1.6778893437e-19
 195.7500000   -3.5241369861e-04    7.5829083979e-19    1.8973916741e-04   -1.8226526717e-19
 196.0000000   -7.0714179369e-04    1.9072897920e-19    2.8368346543e-04   -2.3387283294e-19
 196.2500000   -1.0683633910e-03   -4.3441998072e-19    3.5840815844e-04   -2.6526831800e-19
 196.5000000   -1.4173555216e-03   -1.0143933067e-18    4.0813998989e-04   -2.7723117203e-19
 196.7500000   -1.7334640215e-03   -1.4689528396e-18    4.2879049826e-04   -3.3011517443e-19
 197.0000000   -1.9958160399e-03   -1.7338238654e-18    4.1838350199e-04   -2.8836630262e-19
 197.2500000   -2.1852648747e-03   -1.9724594750e-18    3.7736630016e-04   -2.8369697146e-19
 197.5000000   -2.2863455358e-03   -1.8910753459e-18    3.0870828879e-04   -2.4283200031e-19
 197.7500000   -2.2889977822e-03   -1.7111439688e-18    2.1771861491e-04   -2.2820393156e-19
 198.0000000   -2.1898267924e-03   -1.2999029589e-18    1.1157447325e-04   -1.7214150705e-19
 198.2500000   -1.9927202118e-03   -8.5702565095e-19   -1.3810320447e-06   -2.5258389104e-19
 198.5000000   -1.7087181067e-03   -2.7197135024e-19   -1.1246368479e-04   -1.9731395726e-19
 198.7500000   -1.3551283586e-03    2.7272692803e-19   -2.1347159400e-04   -2.2743677324e-19
 199.0000000   -9.5398011285e-04    7.9869059940e-19   -2.9739966151e-04   -1.8806419100e-19
 199.2500000   -5.2999702861e-04    1.1725406158e-18   -3.5897291975e-04   -1.6277608414e-19
 199.5000000   -1.0833663230e-04    1.4864392762e-18   -3.9496664701e-04   -1.9613004208e-19
 199.7500000    2.8762813198e-04    1.5962003856e-18   -4.0431286408e-04   -1.2318298719e-19
 200.0000000    6.3821909158e-04    1.5604108525e-18   -3.8801167054e-04   -6.6863697250e-20
